Initial order: [4, 2, 3, 5, 1]
=== Shuffle to increasing order ===
Round 1: [1, 3, 2, 5, 4]
Round 2: [2, 5, 4, 1, 3]
Round 3: [4, 5, 2, 1, 3]
Round 4: [2, 1, 3, 4, 5]
Round 5: [2, 4, 3, 1, 5]
Round 6: [1, 4, 3, 5, 2]
Round 7: [1, 2, 4, 5, 3]
Round 8: [4, 3, 2, 5, 1]
Round 9: [1, 5, 4, 2, 3]
Round 10: [2, 4, 5, 1, 3]
Round 11: [4, 5, 3, 2, 1]
Round 12: [1, 5, 3, 4, 2]
Round 13: [5, 4, 2, 1, 3]
Round 14: [5, 4, 2, 3, 1]
Round 15: [2, 1, 3, 4, 5]
Round 16: [3, 5, 4, 2, 1]
Round 17: [1, 4, 3, 5, 2]
Round 18: [4, 3, 2, 5, 1]
Round 19: [4, 5, 2, 1, 3]
Round 20: [2, 1, 5, 3, 4]
Round 21: [5, 3, 4, 1, 2]
Round 22: [2, 4, 1, 3, 5]
Round 23: [2, 4, 5, 1, 3]
Round 24: [3, 5, 2, 4, 1]
Round 25: [2, 3, 5, 1, 4]
Round 26: [5, 3, 2, 1, 4]
Round 27: [3, 1, 5, 2, 4]
Round 28: [2, 1, 3, 4, 5]
Round 29: [2, 1, 3, 5, 4]
Round 30: [5, 2, 1, 4, 3]
Round 31: [1, 4, 5, 2, 3]
Round 32: [2, 5, 4, 1, 3]
Round 33: [5, 4, 1, 3, 2]
Round 34: [2, 5, 1, 4, 3]
Round 35: [1, 5, 4, 3, 2]
Round 36: [5, 1, 3, 4, 2]
Round 37: [2, 4, 5, 1, 3]
Round 38: [4, 3, 5, 2, 1]
Round 39: [2, 3, 5, 4, 1]
Round 40: [5, 4, 1, 3, 2]
Round 41: [5, 1, 2, 3, 4]
Round 42: [5, 1, 4, 2, 3]
Round 43: [5, 2, 4, 1, 3]
Round 44: [5, 4, 1, 3, 2]
Round 45: [2, 5, 1, 3, 4]
Round 46: [3, 5, 1, 4, 2]
Round 47: [2, 3, 5, 1, 4]
Round 48: [1, 2, 4, 5, 3]
Round 49: [4, 3, 1, 2, 5]
Round 50: [4, 3, 2, 5, 1]
Round 51: [2, 5, 4, 3, 1]
Round 52: [5, 3, 1, 2, 4]
Round 53: [3, 2, 1, 5, 4]
Round 54: [3, 1, 4, 2, 5]
Round 55: [5, 2, 1, 4, 3]
Round 56: [2, 1, 5, 4, 3]
Round 57: [1, 5, 4, 3, 2]
Round 58: [3, 2, 5, 4, 1]
Round 59: [5, 2, 3, 1, 4]
Round 60: [3, 5, 4, 2, 1]
Round 61: [3, 2, 1, 5, 4]
Round 62: [3, 2, 5, 1, 4]
Round 63: [2, 1, 4, 5, 3]
Round 64: [3, 5, 1, 4, 2]
Round 65: [1, 5, 2, 3, 4]
Round 66: [5, 2, 3, 1, 4]
Round 67: [3, 1, 2, 5, 4]
Round 68: [5, 1, 2, 3, 4]
Round 69: [4, 5, 3, 2, 1]
Round 70: [3, 5, 1, 2, 4]
Round 71: [2, 1, 3, 5, 4]
Round 72: [1, 4, 2, 5, 3]
Round 73: [4, 1, 5, 2, 3]
Round 74: [4, 2, 5, 1, 3]
Round 75: [2, 5, 3, 1, 4]
Round 76: [2, 1, 3, 4, 5]
Round 77: [2, 3, 5, 1, 4]
Round 78: [1, 3, 2, 5, 4]
Round 79: [5, 2, 4, 1, 3]
Round 80: [3, 4, 1, 5, 2]
Round 81: [1, 2, 3, 5, 4]
Round 82: [2, 5, 4, 3, 1]
Round 83: [4, 5, 1, 3, 2]
Round 84: [1, 5, 2, 4, 3]
Round 85: [1, 2, 3, 5, 4]
Round 86: [3, 2, 5, 1, 4]
Round 87: [3, 4, 5, 1, 2]
Round 88: [2, 1, 5, 3, 4]
Round 89: [3, 1, 4, 2, 5]
Round 90: [5, 4, 1, 3, 2]
Round 91: [5, 1, 4, 2, 3]
Round 92: [4, 1, 3, 2, 5]
Round 93: [5, 4, 2, 3, 1]
Round 94: [2, 5, 3, 1, 4]
Round 95: [2, 3, 5, 1, 4]
Round 96: [2, 3, 1, 4, 5]
Round 97: [3, 5, 4, 1, 2]
Round 98: [2, 3, 4, 1, 5]
Round 99: [2, 1, 5, 3, 4]
Round 100: [4, 5, 3, 1, 2]
Round 101: [4, 1, 2, 5, 3]
Round 102: [3, 4, 5, 2, 1]
Round 103: [3, 4, 2, 5, 1]
Round 104: [5, 3, 4, 1, 2]
Round 105: [2, 4, 5, 1, 3]
Round 106: [1, 3, 2, 4, 5]
Round 107: [2, 5, 1, 3, 4]
Round 108: [4, 2, 5, 3, 1]
Round 109: [1, 4, 2, 5, 3]
Round 110: [3, 1, 2, 5, 4]
Round 111: [3, 1, 4, 2, 5]
Round 112: [5, 4, 3, 2, 1]
Round 113: [3, 5, 2, 4, 1]
Round 114: [5, 3, 2, 1, 4]
Round 115: [1, 2, 3, 4, 5]
