Initial order: [4, 2, 3, 5, 1]
=== Shuffle to decreasing order ===
Round 1: [3, 5, 2, 1, 4]
Round 2: [4, 2, 3, 1, 5]
Round 3: [3, 5, 1, 2, 4]
Round 4: [3, 1, 5, 4, 2]
Round 5: [4, 5, 3, 1, 2]
Round 6: [4, 2, 3, 1, 5]
Round 7: [5, 2, 4, 1, 3]
Round 8: [5, 4, 2, 3, 1]
Round 9: [5, 1, 2, 3, 4]
Round 10: [3, 2, 4, 5, 1]
Round 11: [4, 1, 2, 3, 5]
Round 12: [2, 4, 1, 5, 3]
Round 13: [4, 1, 2, 5, 3]
Round 14: [3, 1, 2, 5, 4]
Round 15: [1, 5, 3, 4, 2]
Round 16: [4, 2, 3, 1, 5]
Round 17: [5, 1, 3, 2, 4]
Round 18: [5, 4, 2, 3, 1]
Round 19: [4, 3, 5, 1, 2]
Round 20: [5, 3, 4, 2, 1]
Round 21: [2, 1, 5, 4, 3]
Round 22: [5, 4, 3, 1, 2]
Round 23: [4, 1, 5, 3, 2]
Round 24: [3, 2, 4, 5, 1]
Round 25: [4, 5, 2, 1, 3]
Round 26: [1, 4, 3, 5, 2]
Round 27: [2, 3, 4, 1, 5]
Round 28: [4, 3, 1, 5, 2]
Round 29: [4, 2, 5, 3, 1]
Round 30: [5, 3, 4, 2, 1]
Round 31: [4, 5, 3, 2, 1]
Round 32: [5, 1, 3, 4, 2]
Round 33: [4, 2, 3, 5, 1]
Round 34: [5, 4, 1, 3, 2]
Round 35: [3, 2, 4, 5, 1]
Round 36: [3, 2, 4, 1, 5]
Round 37: [3, 2, 5, 4, 1]
Round 38: [1, 2, 5, 3, 4]
Round 39: [3, 5, 2, 4, 1]
Round 40: [5, 2, 4, 3, 1]
Round 41: [4, 2, 3, 5, 1]
Round 42: [1, 3, 5, 2, 4]
Round 43: [3, 1, 4, 5, 2]
Round 44: [1, 4, 3, 5, 2]
Round 45: [2, 4, 5, 1, 3]
Round 46: [3, 5, 1, 4, 2]
Round 47: [3, 5, 1, 4, 2]
Round 48: [3, 4, 1, 5, 2]
Round 49: [5, 2, 3, 4, 1]
Round 50: [3, 2, 1, 5, 4]
Round 51: [1, 2, 3, 5, 4]
Round 52: [3, 1, 2, 4, 5]
Round 53: [1, 4, 5, 2, 3]
Round 54: [2, 1, 4, 5, 3]
Round 55: [1, 5, 4, 2, 3]
Round 56: [3, 5, 2, 1, 4]
Round 57: [4, 3, 1, 2, 5]
Round 58: [1, 3, 4, 2, 5]
Round 59: [4, 3, 2, 1, 5]
Round 60: [4, 2, 1, 3, 5]
Round 61: [2, 1, 4, 5, 3]
Round 62: [5, 1, 2, 3, 4]
Round 63: [5, 3, 4, 2, 1]
Round 64: [5, 4, 3, 1, 2]
Round 65: [1, 3, 4, 5, 2]
Round 66: [4, 2, 3, 1, 5]
Round 67: [1, 5, 2, 3, 4]
Round 68: [4, 2, 3, 1, 5]
Round 69: [3, 2, 1, 4, 5]
Round 70: [3, 1, 4, 2, 5]
Round 71: [3, 5, 2, 4, 1]
Round 72: [5, 1, 2, 3, 4]
Round 73: [1, 2, 4, 5, 3]
Round 74: [3, 4, 5, 1, 2]
Round 75: [1, 4, 3, 2, 5]
Round 76: [4, 3, 2, 1, 5]
Round 77: [1, 3, 2, 5, 4]
Round 78: [3, 5, 4, 1, 2]
Round 79: [1, 2, 5, 3, 4]
Round 80: [2, 4, 1, 5, 3]
Round 81: [3, 2, 1, 5, 4]
Round 82: [5, 2, 4, 1, 3]
Round 83: [1, 5, 3, 2, 4]
Round 84: [2, 4, 1, 3, 5]
Round 85: [3, 2, 5, 4, 1]
Round 86: [1, 4, 3, 2, 5]
Round 87: [4, 5, 2, 3, 1]
Round 88: [2, 3, 4, 5, 1]
Round 89: [2, 1, 3, 4, 5]
Round 90: [5, 2, 4, 1, 3]
Round 91: [2, 5, 3, 4, 1]
Round 92: [1, 2, 3, 5, 4]
Round 93: [4, 2, 1, 3, 5]
Round 94: [2, 5, 3, 4, 1]
Round 95: [4, 5, 1, 3, 2]
Round 96: [3, 4, 2, 1, 5]
Round 97: [5, 1, 2, 4, 3]
Round 98: [5, 4, 2, 1, 3]
Round 99: [2, 1, 5, 4, 3]
Round 100: [4, 3, 5, 1, 2]
Round 101: [3, 1, 5, 4, 2]
Round 102: [4, 2, 1, 5, 3]
Round 103: [4, 2, 1, 3, 5]
Round 104: [3, 1, 2, 4, 5]
Round 105: [1, 4, 5, 2, 3]
Round 106: [2, 1, 5, 4, 3]
Round 107: [2, 3, 5, 1, 4]
Round 108: [2, 1, 5, 4, 3]
Round 109: [1, 5, 3, 2, 4]
Round 110: [2, 3, 1, 5, 4]
Round 111: [2, 1, 3, 4, 5]
Round 112: [2, 3, 4, 1, 5]
Round 113: [1, 5, 2, 4, 3]
Round 114: [3, 4, 5, 1, 2]
Round 115: [2, 4, 1, 3, 5]
Round 116: [5, 1, 2, 4, 3]
Round 117: [3, 4, 5, 2, 1]
Round 118: [2, 1, 5, 3, 4]
Round 119: [5, 2, 4, 3, 1]
Round 120: [3, 5, 4, 2, 1]
Round 121: [5, 3, 2, 4, 1]
Round 122: [1, 4, 5, 3, 2]
Round 123: [2, 4, 3, 1, 5]
Round 124: [1, 4, 2, 5, 3]
Round 125: [1, 2, 5, 4, 3]
Round 126: [3, 2, 5, 4, 1]
Round 127: [4, 1, 5, 2, 3]
Round 128: [4, 1, 2, 5, 3]
Round 129: [2, 1, 4, 3, 5]
Round 130: [1, 5, 4, 2, 3]
Round 131: [4, 5, 2, 3, 1]
Round 132: [5, 1, 4, 2, 3]
Round 133: [4, 1, 5, 3, 2]
Round 134: [3, 1, 4, 2, 5]
Round 135: [4, 2, 1, 5, 3]
Round 136: [3, 5, 2, 1, 4]
Round 137: [4, 3, 2, 5, 1]
Round 138: [1, 3, 2, 5, 4]
Round 139: [2, 4, 1, 3, 5]
Round 140: [2, 3, 1, 4, 5]
Round 141: [2, 3, 1, 4, 5]
Round 142: [3, 4, 2, 5, 1]
Round 143: [4, 3, 2, 1, 5]
Round 144: [5, 1, 2, 3, 4]
Round 145: [4, 3, 2, 1, 5]
Round 146: [3, 1, 4, 2, 5]
Round 147: [2, 1, 4, 5, 3]
Round 148: [3, 4, 1, 5, 2]
Round 149: [2, 5, 3, 1, 4]
Round 150: [5, 3, 2, 1, 4]
Round 151: [4, 1, 3, 2, 5]
Round 152: [1, 3, 5, 4, 2]
Round 153: [5, 4, 3, 2, 1]
