Initial order: [4, 2, 3, 5, 1]
=== Shuffle to decreasing order ===
Round 1: [3, 1, 5, 4, 2]
Round 2: [1, 3, 2, 5, 4]
Round 3: [2, 3, 1, 5, 4]
Round 4: [3, 5, 4, 2, 1]
Round 5: [2, 1, 5, 4, 3]
Round 6: [3, 2, 5, 4, 1]
Round 7: [3, 1, 5, 4, 2]
Round 8: [4, 2, 5, 3, 1]
Round 9: [3, 5, 2, 4, 1]
Round 10: [4, 2, 1, 3, 5]
Round 11: [4, 5, 3, 1, 2]
Round 12: [1, 3, 4, 5, 2]
Round 13: [1, 2, 5, 3, 4]
Round 14: [2, 5, 4, 1, 3]
Round 15: [3, 5, 1, 4, 2]
Round 16: [2, 5, 3, 1, 4]
Round 17: [3, 4, 5, 2, 1]
Round 18: [4, 2, 5, 3, 1]
Round 19: [1, 4, 2, 3, 5]
Round 20: [5, 1, 2, 4, 3]
Round 21: [1, 3, 4, 2, 5]
Round 22: [5, 3, 1, 4, 2]
Round 23: [1, 4, 2, 5, 3]
Round 24: [4, 1, 3, 2, 5]
Round 25: [2, 1, 4, 5, 3]
Round 26: [1, 5, 3, 2, 4]
Round 27: [3, 2, 5, 4, 1]
Round 28: [2, 3, 4, 1, 5]
Round 29: [2, 1, 5, 3, 4]
Round 30: [4, 2, 5, 3, 1]
Round 31: [4, 3, 5, 1, 2]
Round 32: [4, 3, 1, 2, 5]
Round 33: [5, 4, 3, 1, 2]
Round 34: [5, 3, 4, 1, 2]
Round 35: [5, 1, 3, 2, 4]
Round 36: [4, 1, 5, 2, 3]
Round 37: [4, 5, 1, 3, 2]
Round 38: [5, 3, 1, 4, 2]
Round 39: [3, 2, 1, 4, 5]
Round 40: [4, 1, 5, 2, 3]
Round 41: [4, 1, 5, 3, 2]
Round 42: [2, 3, 5, 4, 1]
Round 43: [1, 5, 3, 2, 4]
Round 44: [3, 5, 1, 4, 2]
Round 45: [1, 4, 5, 3, 2]
Round 46: [5, 4, 1, 3, 2]
Round 47: [4, 5, 3, 1, 2]
Round 48: [2, 4, 3, 5, 1]
Round 49: [3, 5, 2, 4, 1]
Round 50: [1, 5, 4, 2, 3]
Round 51: [2, 5, 1, 3, 4]
Round 52: [2, 5, 4, 3, 1]
Round 53: [4, 1, 3, 2, 5]
Round 54: [3, 1, 4, 2, 5]
Round 55: [1, 5, 2, 4, 3]
Round 56: [1, 3, 2, 4, 5]
Round 57: [3, 2, 1, 5, 4]
Round 58: [1, 5, 3, 4, 2]
Round 59: [2, 3, 5, 1, 4]
Round 60: [3, 5, 2, 4, 1]
Round 61: [3, 5, 1, 2, 4]
Round 62: [3, 1, 5, 4, 2]
Round 63: [1, 3, 4, 5, 2]
Round 64: [1, 2, 4, 5, 3]
Round 65: [3, 5, 1, 4, 2]
Round 66: [1, 4, 5, 3, 2]
Round 67: [2, 3, 5, 4, 1]
Round 68: [3, 5, 1, 4, 2]
Round 69: [2, 5, 3, 4, 1]
Round 70: [1, 3, 4, 5, 2]
Round 71: [4, 1, 5, 3, 2]
Round 72: [4, 2, 5, 1, 3]
Round 73: [3, 2, 4, 1, 5]
Round 74: [4, 1, 3, 2, 5]
Round 75: [5, 1, 4, 2, 3]
Round 76: [2, 5, 3, 1, 4]
Round 77: [5, 3, 4, 1, 2]
Round 78: [3, 5, 4, 2, 1]
Round 79: [2, 1, 3, 4, 5]
Round 80: [3, 4, 1, 5, 2]
Round 81: [2, 5, 3, 1, 4]
Round 82: [5, 1, 4, 3, 2]
Round 83: [1, 4, 5, 3, 2]
Round 84: [3, 4, 1, 2, 5]
Round 85: [5, 2, 4, 1, 3]
Round 86: [1, 4, 3, 2, 5]
Round 87: [4, 5, 1, 3, 2]
Round 88: [2, 3, 4, 5, 1]
Round 89: [1, 5, 3, 4, 2]
Round 90: [4, 2, 5, 1, 3]
Round 91: [4, 1, 5, 2, 3]
Round 92: [5, 1, 3, 4, 2]
Round 93: [2, 4, 1, 5, 3]
Round 94: [2, 1, 3, 5, 4]
Round 95: [4, 1, 2, 5, 3]
Round 96: [5, 4, 3, 1, 2]
Round 97: [4, 5, 3, 2, 1]
Round 98: [2, 1, 3, 4, 5]
Round 99: [1, 3, 5, 4, 2]
Round 100: [3, 4, 2, 5, 1]
Round 101: [2, 5, 1, 3, 4]
Round 102: [1, 2, 3, 5, 4]
Round 103: [2, 1, 5, 4, 3]
Round 104: [5, 2, 4, 3, 1]
Round 105: [2, 4, 1, 3, 5]
Round 106: [2, 5, 3, 1, 4]
Round 107: [2, 4, 5, 1, 3]
Round 108: [3, 5, 4, 1, 2]
Round 109: [4, 1, 5, 2, 3]
Round 110: [1, 5, 2, 3, 4]
Round 111: [3, 2, 1, 5, 4]
Round 112: [4, 3, 2, 5, 1]
Round 113: [2, 3, 1, 5, 4]
Round 114: [4, 2, 3, 5, 1]
Round 115: [2, 3, 1, 4, 5]
Round 116: [1, 2, 5, 3, 4]
Round 117: [2, 4, 1, 3, 5]
Round 118: [1, 3, 4, 5, 2]
Round 119: [3, 4, 5, 2, 1]
Round 120: [1, 2, 4, 3, 5]
Round 121: [3, 2, 1, 5, 4]
Round 122: [2, 4, 3, 1, 5]
Round 123: [3, 1, 5, 2, 4]
Round 124: [3, 1, 4, 5, 2]
Round 125: [4, 2, 3, 5, 1]
Round 126: [3, 5, 1, 2, 4]
Round 127: [1, 3, 2, 5, 4]
Round 128: [3, 2, 5, 1, 4]
Round 129: [5, 4, 3, 1, 2]
Round 130: [4, 2, 3, 5, 1]
Round 131: [3, 4, 5, 2, 1]
Round 132: [4, 1, 3, 2, 5]
Round 133: [3, 1, 2, 4, 5]
Round 134: [4, 3, 1, 2, 5]
Round 135: [2, 3, 1, 5, 4]
Round 136: [2, 5, 4, 3, 1]
Round 137: [5, 1, 4, 3, 2]
Round 138: [4, 2, 5, 3, 1]
Round 139: [2, 1, 3, 4, 5]
Round 140: [1, 5, 2, 3, 4]
Round 141: [3, 5, 1, 2, 4]
Round 142: [3, 4, 2, 1, 5]
Round 143: [1, 4, 3, 2, 5]
Round 144: [2, 4, 3, 1, 5]
Round 145: [4, 2, 5, 1, 3]
Round 146: [2, 3, 5, 1, 4]
Round 147: [2, 5, 3, 1, 4]
Round 148: [4, 3, 5, 1, 2]
Round 149: [5, 1, 4, 2, 3]
Round 150: [2, 3, 1, 5, 4]
Round 151: [1, 3, 5, 4, 2]
Round 152: [4, 3, 1, 5, 2]
Round 153: [3, 2, 4, 5, 1]
Round 154: [4, 5, 3, 2, 1]
Round 155: [5, 2, 1, 4, 3]
Round 156: [1, 2, 4, 3, 5]
Round 157: [4, 2, 1, 3, 5]
Round 158: [1, 4, 5, 3, 2]
Round 159: [5, 1, 2, 3, 4]
Round 160: [3, 2, 4, 1, 5]
Round 161: [2, 3, 4, 1, 5]
Round 162: [5, 1, 3, 2, 4]
Round 163: [2, 5, 1, 4, 3]
Round 164: [5, 2, 1, 4, 3]
Round 165: [5, 3, 2, 1, 4]
Round 166: [5, 3, 4, 1, 2]
Round 167: [1, 5, 3, 2, 4]
Round 168: [3, 4, 1, 2, 5]
Round 169: [1, 3, 5, 4, 2]
Round 170: [5, 2, 3, 1, 4]
Round 171: [1, 3, 2, 4, 5]
Round 172: [3, 5, 4, 2, 1]
Round 173: [4, 5, 2, 1, 3]
Round 174: [1, 2, 3, 5, 4]
Round 175: [1, 2, 3, 4, 5]
Round 176: [5, 2, 1, 3, 4]
Round 177: [5, 4, 3, 1, 2]
Round 178: [2, 1, 4, 3, 5]
Round 179: [3, 1, 5, 4, 2]
Round 180: [2, 3, 5, 4, 1]
Round 181: [3, 5, 2, 1, 4]
Round 182: [3, 2, 5, 1, 4]
Round 183: [1, 2, 4, 5, 3]
Round 184: [2, 3, 5, 1, 4]
Round 185: [1, 2, 4, 5, 3]
Round 186: [5, 4, 3, 1, 2]
Round 187: [4, 1, 2, 5, 3]
Round 188: [5, 2, 4, 3, 1]
Round 189: [3, 1, 2, 4, 5]
Round 190: [3, 5, 4, 1, 2]
Round 191: [1, 4, 2, 3, 5]
Round 192: [3, 1, 4, 2, 5]
Round 193: [4, 2, 5, 3, 1]
Round 194: [5, 4, 3, 1, 2]
Round 195: [2, 5, 4, 3, 1]
Round 196: [2, 3, 4, 1, 5]
Round 197: [2, 1, 4, 5, 3]
Round 198: [3, 1, 5, 2, 4]
Round 199: [2, 3, 5, 4, 1]
Round 200: [5, 1, 2, 3, 4]
Round 201: [3, 5, 1, 2, 4]
Round 202: [4, 3, 5, 2, 1]
Round 203: [5, 2, 3, 4, 1]
Round 204: [4, 3, 2, 1, 5]
Round 205: [1, 3, 5, 2, 4]
Round 206: [2, 3, 1, 4, 5]
Round 207: [4, 5, 3, 2, 1]
Round 208: [2, 5, 3, 1, 4]
Round 209: [5, 4, 1, 2, 3]
Round 210: [5, 3, 2, 4, 1]
Round 211: [3, 4, 2, 5, 1]
Round 212: [2, 3, 4, 1, 5]
Round 213: [1, 5, 2, 3, 4]
Round 214: [5, 2, 1, 3, 4]
Round 215: [1, 2, 5, 3, 4]
Round 216: [1, 3, 2, 5, 4]
Round 217: [4, 5, 3, 1, 2]
Round 218: [4, 2, 1, 5, 3]
Round 219: [1, 4, 2, 5, 3]
Round 220: [1, 2, 3, 5, 4]
Round 221: [4, 5, 2, 1, 3]
Round 222: [2, 4, 5, 3, 1]
Round 223: [5, 1, 2, 4, 3]
Round 224: [2, 5, 3, 4, 1]
Round 225: [4, 3, 2, 1, 5]
Round 226: [1, 2, 3, 5, 4]
Round 227: [2, 4, 5, 1, 3]
Round 228: [5, 2, 4, 1, 3]
Round 229: [4, 1, 3, 2, 5]
Round 230: [1, 3, 5, 4, 2]
Round 231: [3, 5, 2, 4, 1]
Round 232: [4, 5, 3, 1, 2]
Round 233: [4, 5, 2, 3, 1]
Round 234: [5, 4, 2, 3, 1]
Round 235: [4, 5, 2, 1, 3]
Round 236: [4, 1, 2, 5, 3]
Round 237: [4, 5, 1, 3, 2]
Round 238: [5, 3, 4, 2, 1]
Round 239: [4, 5, 1, 2, 3]
Round 240: [1, 5, 3, 2, 4]
Round 241: [3, 2, 4, 1, 5]
Round 242: [4, 2, 1, 5, 3]
Round 243: [5, 4, 1, 2, 3]
Round 244: [3, 5, 1, 4, 2]
Round 245: [3, 2, 4, 5, 1]
Round 246: [2, 3, 4, 5, 1]
Round 247: [1, 5, 2, 3, 4]
Round 248: [3, 4, 2, 5, 1]
Round 249: [1, 5, 4, 3, 2]
Round 250: [5, 1, 3, 2, 4]
Round 251: [5, 2, 4, 3, 1]
Round 252: [2, 5, 1, 4, 3]
Round 253: [3, 4, 2, 5, 1]
Round 254: [3, 2, 4, 1, 5]
Round 255: [3, 5, 1, 2, 4]
Round 256: [2, 4, 5, 1, 3]
Round 257: [2, 4, 3, 1, 5]
Round 258: [1, 4, 3, 5, 2]
Round 259: [2, 4, 5, 3, 1]
Round 260: [5, 4, 1, 2, 3]
Round 261: [5, 2, 4, 1, 3]
Round 262: [1, 4, 2, 5, 3]
Round 263: [3, 4, 2, 5, 1]
Round 264: [4, 3, 1, 5, 2]
Round 265: [1, 4, 5, 3, 2]
Round 266: [4, 2, 1, 3, 5]
Round 267: [2, 3, 1, 5, 4]
Round 268: [5, 2, 3, 1, 4]
Round 269: [2, 4, 5, 1, 3]
Round 270: [3, 2, 4, 1, 5]
Round 271: [4, 5, 3, 2, 1]
Round 272: [1, 3, 5, 2, 4]
Round 273: [4, 3, 2, 5, 1]
Round 274: [1, 2, 3, 4, 5]
Round 275: [1, 3, 2, 4, 5]
Round 276: [1, 3, 4, 5, 2]
Round 277: [5, 1, 3, 2, 4]
Round 278: [2, 4, 1, 5, 3]
Round 279: [2, 3, 4, 1, 5]
Round 280: [3, 5, 4, 1, 2]
Round 281: [4, 1, 2, 5, 3]
Round 282: [1, 2, 4, 5, 3]
Round 283: [3, 4, 5, 1, 2]
Round 284: [1, 4, 3, 2, 5]
Round 285: [1, 4, 2, 3, 5]
Round 286: [3, 1, 4, 2, 5]
Round 287: [3, 1, 2, 4, 5]
Round 288: [4, 2, 3, 1, 5]
Round 289: [3, 1, 5, 4, 2]
Round 290: [4, 3, 2, 5, 1]
Round 291: [4, 2, 5, 1, 3]
Round 292: [1, 5, 4, 2, 3]
Round 293: [4, 5, 3, 2, 1]
Round 294: [4, 2, 3, 5, 1]
Round 295: [4, 3, 1, 2, 5]
Round 296: [5, 1, 4, 2, 3]
Round 297: [1, 4, 2, 3, 5]
Round 298: [3, 2, 5, 4, 1]
Round 299: [4, 5, 2, 3, 1]
Round 300: [1, 5, 2, 3, 4]
Round 301: [2, 1, 5, 3, 4]
Round 302: [5, 3, 1, 4, 2]
Round 303: [2, 5, 3, 1, 4]
Round 304: [3, 4, 2, 5, 1]
Round 305: [3, 1, 4, 2, 5]
Round 306: [3, 1, 2, 5, 4]
Round 307: [2, 4, 5, 1, 3]
Round 308: [4, 5, 1, 3, 2]
Round 309: [2, 4, 3, 5, 1]
Round 310: [1, 4, 5, 3, 2]
Round 311: [5, 1, 4, 2, 3]
Round 312: [4, 1, 5, 2, 3]
Round 313: [1, 4, 5, 2, 3]
Round 314: [5, 1, 4, 2, 3]
Round 315: [5, 3, 4, 1, 2]
Round 316: [4, 3, 1, 2, 5]
Round 317: [3, 2, 1, 5, 4]
Round 318: [3, 2, 5, 1, 4]
Round 319: [5, 4, 3, 2, 1]
