Initial order: [4, 2, 3, 5, 1]
=== Shuffle to increasing order ===
Round 1: [4, 3, 2, 1, 5]
Round 2: [2, 5, 4, 1, 3]
Round 3: [1, 5, 4, 2, 3]
Round 4: [2, 1, 3, 5, 4]
Round 5: [5, 3, 1, 4, 2]
Round 6: [1, 3, 5, 2, 4]
Round 7: [2, 4, 3, 5, 1]
Round 8: [5, 4, 2, 1, 3]
Round 9: [2, 4, 5, 3, 1]
Round 10: [3, 2, 4, 5, 1]
Round 11: [4, 3, 5, 1, 2]
Round 12: [2, 1, 5, 4, 3]
Round 13: [5, 1, 3, 4, 2]
Round 14: [4, 3, 1, 5, 2]
Round 15: [2, 3, 5, 4, 1]
Round 16: [2, 4, 3, 5, 1]
Round 17: [5, 1, 3, 4, 2]
Round 18: [3, 5, 1, 4, 2]
Round 19: [2, 1, 4, 3, 5]
Round 20: [4, 3, 5, 1, 2]
Round 21: [1, 2, 5, 3, 4]
Round 22: [2, 4, 5, 3, 1]
Round 23: [2, 1, 4, 3, 5]
Round 24: [4, 5, 1, 2, 3]
Round 25: [3, 5, 2, 1, 4]
Round 26: [3, 5, 1, 4, 2]
Round 27: [3, 1, 2, 4, 5]
Round 28: [1, 2, 5, 3, 4]
Round 29: [2, 1, 5, 3, 4]
Round 30: [1, 5, 2, 3, 4]
Round 31: [2, 5, 4, 1, 3]
Round 32: [3, 2, 4, 5, 1]
Round 33: [3, 2, 4, 1, 5]
Round 34: [3, 4, 5, 2, 1]
Round 35: [1, 2, 4, 3, 5]
Round 36: [3, 4, 5, 2, 1]
Round 37: [5, 3, 2, 4, 1]
Round 38: [5, 2, 3, 4, 1]
Round 39: [1, 4, 3, 2, 5]
Round 40: [5, 1, 3, 2, 4]
Round 41: [1, 2, 3, 4, 5]
