Initial order: [4, 2, 3, 5, 1]
=== Shuffle to increasing order ===
Round 1: [1, 3, 5, 4, 2]
Round 2: [4, 2, 5, 1, 3]
Round 3: [3, 1, 4, 2, 5]
Round 4: [2, 3, 1, 4, 5]
Round 5: [2, 4, 3, 5, 1]
Round 6: [1, 5, 4, 3, 2]
Round 7: [4, 2, 1, 5, 3]
Round 8: [3, 4, 2, 5, 1]
Round 9: [1, 2, 5, 3, 4]
Round 10: [3, 4, 1, 2, 5]
Round 11: [1, 2, 5, 3, 4]
Round 12: [3, 2, 4, 5, 1]
Round 13: [5, 1, 3, 4, 2]
Round 14: [3, 1, 2, 5, 4]
Round 15: [1, 3, 4, 5, 2]
Round 16: [1, 3, 2, 5, 4]
Round 17: [2, 3, 4, 1, 5]
Round 18: [2, 4, 5, 3, 1]
Round 19: [3, 4, 5, 1, 2]
Round 20: [2, 4, 3, 1, 5]
Round 21: [3, 5, 2, 4, 1]
Round 22: [4, 3, 5, 1, 2]
Round 23: [3, 4, 2, 1, 5]
Round 24: [2, 1, 4, 5, 3]
Round 25: [2, 1, 4, 3, 5]
Round 26: [4, 2, 5, 3, 1]
Round 27: [2, 1, 5, 3, 4]
Round 28: [5, 3, 1, 4, 2]
Round 29: [4, 3, 2, 1, 5]
Round 30: [2, 5, 4, 1, 3]
Round 31: [2, 4, 5, 1, 3]
Round 32: [1, 2, 5, 3, 4]
Round 33: [1, 2, 5, 4, 3]
Round 34: [1, 3, 5, 4, 2]
Round 35: [1, 4, 3, 5, 2]
Round 36: [1, 3, 5, 4, 2]
Round 37: [1, 2, 4, 3, 5]
Round 38: [4, 5, 2, 1, 3]
Round 39: [3, 1, 4, 2, 5]
Round 40: [1, 5, 3, 4, 2]
Round 41: [5, 4, 1, 3, 2]
Round 42: [1, 4, 2, 3, 5]
Round 43: [4, 5, 2, 3, 1]
Round 44: [4, 1, 2, 3, 5]
Round 45: [4, 2, 1, 5, 3]
Round 46: [1, 3, 5, 2, 4]
Round 47: [3, 5, 4, 1, 2]
Round 48: [5, 1, 3, 2, 4]
Round 49: [3, 5, 1, 2, 4]
Round 50: [2, 1, 4, 5, 3]
Round 51: [5, 2, 1, 3, 4]
Round 52: [5, 3, 2, 1, 4]
Round 53: [1, 5, 4, 3, 2]
Round 54: [2, 1, 3, 4, 5]
Round 55: [2, 3, 4, 5, 1]
Round 56: [1, 2, 4, 3, 5]
Round 57: [5, 2, 4, 1, 3]
Round 58: [1, 5, 4, 3, 2]
Round 59: [2, 3, 4, 5, 1]
Round 60: [2, 5, 1, 4, 3]
Round 61: [4, 1, 2, 5, 3]
Round 62: [3, 5, 1, 4, 2]
Round 63: [3, 1, 5, 2, 4]
Round 64: [3, 5, 4, 1, 2]
Round 65: [4, 3, 1, 5, 2]
Round 66: [2, 1, 5, 3, 4]
Round 67: [3, 4, 2, 1, 5]
Round 68: [1, 3, 2, 4, 5]
Round 69: [1, 5, 4, 3, 2]
Round 70: [5, 3, 4, 2, 1]
Round 71: [2, 3, 1, 5, 4]
Round 72: [2, 3, 4, 1, 5]
Round 73: [4, 2, 5, 1, 3]
Round 74: [5, 4, 1, 2, 3]
Round 75: [5, 3, 4, 2, 1]
Round 76: [5, 1, 3, 4, 2]
Round 77: [5, 2, 4, 3, 1]
Round 78: [4, 5, 2, 1, 3]
Round 79: [5, 4, 1, 3, 2]
Round 80: [4, 5, 3, 1, 2]
Round 81: [5, 1, 4, 3, 2]
Round 82: [5, 3, 2, 4, 1]
Round 83: [3, 2, 5, 4, 1]
Round 84: [2, 3, 4, 5, 1]
Round 85: [3, 5, 2, 4, 1]
Round 86: [2, 3, 1, 4, 5]
Round 87: [4, 3, 1, 2, 5]
Round 88: [3, 4, 1, 2, 5]
Round 89: [2, 5, 4, 3, 1]
Round 90: [3, 2, 1, 5, 4]
Round 91: [1, 2, 3, 5, 4]
Round 92: [5, 3, 2, 1, 4]
Round 93: [3, 5, 2, 4, 1]
Round 94: [1, 5, 2, 4, 3]
Round 95: [2, 3, 4, 1, 5]
Round 96: [5, 1, 2, 3, 4]
Round 97: [4, 1, 3, 2, 5]
Round 98: [3, 2, 1, 5, 4]
Round 99: [3, 1, 5, 2, 4]
Round 100: [1, 4, 3, 5, 2]
Round 101: [3, 4, 5, 2, 1]
Round 102: [5, 3, 1, 4, 2]
Round 103: [4, 5, 1, 3, 2]
Round 104: [4, 2, 3, 5, 1]
Round 105: [5, 4, 1, 2, 3]
Round 106: [5, 4, 3, 2, 1]
Round 107: [2, 3, 5, 4, 1]
Round 108: [5, 4, 3, 1, 2]
Round 109: [2, 3, 4, 1, 5]
Round 110: [5, 3, 4, 2, 1]
Round 111: [1, 2, 3, 4, 5]
