Initial order: [1, 3, 7, 2, 6, 5, 4]
=== Shuffle to increasing order ===
Round 1: [2, 1, 7, 3, 4, 6, 5]
Round 2: [4, 3, 5, 1, 2, 6, 7]
Round 3: [2, 5, 7, 1, 3, 4, 6]
Round 4: [1, 4, 3, 7, 2, 5, 6]
Round 5: [6, 1, 2, 7, 4, 5, 3]
Round 6: [1, 4, 5, 2, 7, 3, 6]
Round 7: [2, 6, 3, 7, 4, 1, 5]
Round 8: [4, 6, 5, 2, 3, 1, 7]
Round 9: [3, 5, 4, 2, 6, 7, 1]
Round 10: [1, 2, 5, 6, 4, 7, 3]
Round 11: [4, 1, 3, 6, 7, 2, 5]
Round 12: [7, 6, 2, 4, 1, 5, 3]
Round 13: [3, 4, 5, 6, 1, 7, 2]
Round 14: [3, 7, 1, 4, 5, 2, 6]
Round 15: [2, 5, 3, 4, 1, 6, 7]
Round 16: [2, 7, 3, 6, 5, 4, 1]
Round 17: [2, 5, 7, 6, 1, 4, 3]
Round 18: [6, 5, 7, 2, 4, 3, 1]
Round 19: [5, 6, 3, 7, 2, 1, 4]
Round 20: [1, 4, 6, 3, 7, 2, 5]
Round 21: [6, 4, 1, 7, 3, 2, 5]
Round 22: [4, 3, 1, 5, 7, 6, 2]
Round 23: [2, 6, 4, 7, 5, 1, 3]
Round 24: [2, 7, 4, 3, 5, 1, 6]
Round 25: [4, 7, 3, 5, 2, 6, 1]
Round 26: [5, 1, 7, 3, 6, 4, 2]
Round 27: [7, 2, 5, 3, 6, 1, 4]
Round 28: [4, 6, 2, 5, 3, 7, 1]
Round 29: [1, 3, 7, 5, 4, 6, 2]
Round 30: [4, 5, 6, 2, 1, 3, 7]
Round 31: [4, 6, 1, 7, 3, 5, 2]
Round 32: [6, 1, 5, 2, 3, 7, 4]
Round 33: [6, 4, 3, 2, 5, 1, 7]
Round 34: [7, 1, 3, 4, 6, 2, 5]
Round 35: [3, 7, 5, 2, 1, 4, 6]
Round 36: [4, 6, 2, 1, 7, 5, 3]
Round 37: [3, 5, 7, 4, 6, 2, 1]
Round 38: [3, 5, 2, 7, 4, 6, 1]
Round 39: [7, 3, 1, 6, 4, 2, 5]
Round 40: [2, 6, 4, 7, 5, 1, 3]
Round 41: [2, 4, 3, 6, 1, 7, 5]
Round 42: [3, 2, 6, 4, 7, 1, 5]
Round 43: [2, 4, 6, 1, 5, 3, 7]
Round 44: [1, 4, 5, 7, 3, 6, 2]
Round 45: [3, 7, 6, 1, 2, 5, 4]
Round 46: [1, 5, 2, 7, 4, 6, 3]
Round 47: [1, 6, 4, 5, 2, 3, 7]
Round 48: [2, 5, 4, 6, 1, 7, 3]
Round 49: [6, 7, 3, 1, 2, 5, 4]
Round 50: [5, 3, 6, 7, 4, 1, 2]
Round 51: [6, 1, 3, 7, 2, 5, 4]
Round 52: [1, 6, 5, 4, 3, 7, 2]
Round 53: [3, 1, 7, 2, 6, 5, 4]
Round 54: [2, 7, 4, 6, 1, 5, 3]
Round 55: [4, 2, 7, 3, 6, 5, 1]
Round 56: [6, 2, 1, 5, 7, 3, 4]
Round 57: [6, 2, 5, 4, 7, 3, 1]
Round 58: [4, 7, 2, 6, 1, 5, 3]
Round 59: [2, 6, 7, 4, 3, 5, 1]
Round 60: [4, 3, 6, 7, 1, 5, 2]
Round 61: [6, 1, 7, 3, 2, 5, 4]
Round 62: [7, 2, 5, 4, 1, 6, 3]
Round 63: [7, 1, 3, 5, 6, 2, 4]
Round 64: [2, 3, 6, 7, 1, 4, 5]
Round 65: [6, 4, 2, 7, 5, 3, 1]
Round 66: [7, 5, 4, 3, 2, 6, 1]
Round 67: [7, 5, 3, 2, 4, 6, 1]
Round 68: [6, 4, 1, 5, 3, 2, 7]
Round 69: [7, 5, 1, 2, 4, 6, 3]
Round 70: [1, 2, 4, 7, 6, 3, 5]
Round 71: [3, 5, 2, 1, 6, 7, 4]
Round 72: [1, 4, 6, 3, 2, 5, 7]
Round 73: [6, 2, 5, 1, 3, 4, 7]
Round 74: [1, 6, 3, 4, 2, 5, 7]
Round 75: [2, 5, 6, 3, 1, 7, 4]
Round 76: [3, 4, 2, 5, 7, 6, 1]
Round 77: [7, 5, 1, 4, 2, 6, 3]
Round 78: [4, 2, 3, 1, 7, 6, 5]
Round 79: [2, 1, 4, 3, 6, 7, 5]
Round 80: [6, 1, 4, 5, 3, 2, 7]
Round 81: [1, 4, 5, 7, 6, 2, 3]
Round 82: [5, 6, 7, 2, 3, 4, 1]
Round 83: [3, 6, 2, 7, 4, 5, 1]
Round 84: [1, 2, 6, 5, 4, 3, 7]
Round 85: [5, 6, 3, 2, 7, 1, 4]
Round 86: [1, 4, 7, 5, 6, 2, 3]
Round 87: [6, 3, 7, 1, 5, 2, 4]
Round 88: [6, 1, 4, 7, 5, 3, 2]
Round 89: [6, 7, 1, 5, 3, 4, 2]
Round 90: [7, 1, 5, 3, 4, 2, 6]
Round 91: [2, 6, 1, 3, 7, 5, 4]
Round 92: [4, 7, 6, 1, 5, 3, 2]
Round 93: [3, 1, 4, 6, 2, 5, 7]
Round 94: [3, 2, 6, 1, 5, 7, 4]
Round 95: [4, 2, 1, 5, 7, 6, 3]
Round 96: [2, 6, 3, 1, 4, 7, 5]
Round 97: [4, 6, 7, 2, 5, 1, 3]
Round 98: [3, 7, 1, 2, 6, 5, 4]
Round 99: [1, 2, 3, 5, 7, 4, 6]
Round 100: [1, 2, 3, 7, 4, 6, 5]
Round 101: [5, 4, 3, 2, 7, 6, 1]
Round 102: [6, 4, 2, 1, 3, 7, 5]
Round 103: [5, 3, 1, 4, 7, 6, 2]
Round 104: [4, 7, 3, 1, 5, 6, 2]
Round 105: [6, 3, 7, 5, 2, 4, 1]
Round 106: [5, 4, 7, 6, 1, 2, 3]
Round 107: [2, 1, 4, 7, 3, 6, 5]
Round 108: [3, 6, 4, 2, 7, 1, 5]
Round 109: [3, 4, 2, 7, 1, 5, 6]
Round 110: [6, 2, 7, 1, 4, 3, 5]
Round 111: [6, 3, 5, 4, 7, 2, 1]
Round 112: [3, 4, 5, 7, 6, 2, 1]
Round 113: [5, 3, 4, 1, 2, 6, 7]
Round 114: [4, 2, 6, 1, 3, 5, 7]
Round 115: [7, 1, 6, 4, 3, 2, 5]
Round 116: [3, 4, 5, 7, 1, 6, 2]
Round 117: [6, 5, 2, 4, 3, 7, 1]
Round 118: [2, 7, 4, 3, 5, 6, 1]
Round 119: [3, 7, 2, 4, 5, 1, 6]
Round 120: [1, 6, 2, 7, 3, 5, 4]
Round 121: [1, 3, 6, 7, 2, 5, 4]
Round 122: [1, 7, 6, 3, 2, 4, 5]
Round 123: [2, 7, 3, 5, 6, 1, 4]
Round 124: [1, 3, 7, 4, 5, 6, 2]
Round 125: [1, 7, 3, 5, 2, 6, 4]
Round 126: [1, 4, 7, 5, 3, 2, 6]
Round 127: [4, 2, 3, 5, 6, 7, 1]
Round 128: [2, 7, 1, 4, 6, 3, 5]
Round 129: [3, 2, 1, 5, 6, 4, 7]
Round 130: [1, 6, 3, 5, 4, 2, 7]
Round 131: [5, 3, 1, 7, 2, 4, 6]
Round 132: [2, 5, 4, 3, 6, 1, 7]
Round 133: [4, 2, 5, 3, 1, 6, 7]
Round 134: [3, 7, 5, 4, 6, 2, 1]
Round 135: [6, 1, 4, 7, 2, 3, 5]
Round 136: [2, 1, 6, 7, 4, 3, 5]
Round 137: [4, 1, 5, 3, 2, 7, 6]
Round 138: [5, 7, 6, 4, 1, 2, 3]
Round 139: [5, 7, 2, 3, 1, 6, 4]
Round 140: [7, 4, 6, 1, 2, 3, 5]
Round 141: [4, 5, 1, 7, 6, 2, 3]
Round 142: [1, 6, 5, 3, 7, 4, 2]
Round 143: [3, 2, 7, 4, 1, 5, 6]
Round 144: [6, 3, 4, 5, 7, 1, 2]
Round 145: [7, 3, 4, 5, 1, 2, 6]
Round 146: [3, 6, 5, 4, 2, 7, 1]
Round 147: [7, 1, 3, 4, 2, 5, 6]
Round 148: [3, 4, 6, 5, 7, 2, 1]
Round 149: [1, 3, 4, 5, 2, 6, 7]
Round 150: [3, 4, 1, 6, 2, 5, 7]
Round 151: [6, 3, 1, 5, 4, 7, 2]
Round 152: [2, 4, 7, 5, 1, 3, 6]
Round 153: [5, 2, 6, 1, 4, 7, 3]
Round 154: [1, 7, 4, 5, 2, 3, 6]
Round 155: [3, 2, 6, 7, 5, 1, 4]
Round 156: [1, 7, 2, 3, 4, 6, 5]
Round 157: [5, 6, 7, 4, 3, 2, 1]
Round 158: [1, 5, 3, 2, 4, 6, 7]
Round 159: [6, 1, 4, 2, 5, 7, 3]
Round 160: [7, 1, 4, 6, 5, 2, 3]
Round 161: [6, 2, 7, 5, 4, 3, 1]
Round 162: [1, 5, 3, 6, 7, 2, 4]
Round 163: [3, 6, 4, 1, 5, 7, 2]
Round 164: [6, 4, 2, 5, 3, 1, 7]
Round 165: [1, 3, 5, 4, 7, 6, 2]
Round 166: [2, 5, 4, 1, 3, 6, 7]
Round 167: [2, 7, 4, 1, 5, 6, 3]
Round 168: [3, 6, 5, 2, 1, 7, 4]
Round 169: [7, 5, 4, 1, 6, 2, 3]
Round 170: [6, 4, 5, 7, 2, 3, 1]
Round 171: [1, 4, 5, 6, 3, 2, 7]
Round 172: [1, 2, 5, 6, 4, 7, 3]
Round 173: [2, 4, 1, 5, 7, 6, 3]
Round 174: [5, 3, 6, 7, 1, 2, 4]
Round 175: [4, 5, 6, 3, 7, 2, 1]
Round 176: [4, 7, 1, 3, 5, 6, 2]
Round 177: [6, 1, 5, 7, 2, 3, 4]
Round 178: [7, 4, 2, 6, 5, 1, 3]
Round 179: [6, 1, 5, 4, 2, 3, 7]
Round 180: [2, 5, 1, 4, 7, 6, 3]
Round 181: [2, 5, 6, 1, 4, 7, 3]
Round 182: [7, 2, 5, 3, 6, 4, 1]
Round 183: [6, 7, 3, 2, 4, 5, 1]
Round 184: [3, 7, 6, 2, 4, 5, 1]
Round 185: [6, 1, 2, 7, 3, 4, 5]
Round 186: [1, 4, 6, 2, 3, 7, 5]
Round 187: [6, 2, 4, 1, 5, 7, 3]
Round 188: [6, 3, 2, 5, 7, 4, 1]
Round 189: [4, 7, 3, 2, 6, 5, 1]
Round 190: [6, 2, 3, 4, 7, 1, 5]
Round 191: [7, 1, 4, 3, 2, 6, 5]
Round 192: [1, 5, 3, 7, 2, 6, 4]
Round 193: [4, 7, 1, 5, 3, 2, 6]
Round 194: [2, 5, 1, 4, 6, 7, 3]
Round 195: [7, 5, 1, 2, 6, 3, 4]
Round 196: [5, 6, 7, 1, 3, 4, 2]
Round 197: [7, 3, 4, 6, 2, 5, 1]
Round 198: [1, 5, 4, 7, 6, 3, 2]
Round 199: [6, 7, 5, 1, 4, 2, 3]
Round 200: [7, 2, 3, 6, 5, 1, 4]
Round 201: [3, 4, 7, 1, 2, 6, 5]
Round 202: [5, 6, 7, 3, 4, 2, 1]
Round 203: [6, 5, 7, 3, 2, 1, 4]
Round 204: [1, 3, 2, 6, 5, 4, 7]
Round 205: [1, 5, 4, 2, 3, 7, 6]
Round 206: [1, 7, 2, 4, 6, 3, 5]
Round 207: [5, 2, 1, 3, 7, 4, 6]
Round 208: [1, 7, 4, 6, 2, 5, 3]
Round 209: [3, 6, 5, 1, 4, 2, 7]
Round 210: [7, 4, 3, 2, 1, 6, 5]
Round 211: [2, 4, 1, 7, 5, 3, 6]
Round 212: [4, 5, 1, 7, 3, 6, 2]
Round 213: [5, 6, 2, 1, 7, 3, 4]
Round 214: [4, 5, 2, 1, 6, 3, 7]
Round 215: [1, 5, 6, 2, 4, 3, 7]
Round 216: [1, 2, 3, 7, 5, 4, 6]
Round 217: [5, 2, 3, 7, 4, 1, 6]
Round 218: [6, 3, 5, 2, 4, 1, 7]
Round 219: [1, 2, 4, 3, 6, 5, 7]
Round 220: [2, 5, 4, 1, 7, 3, 6]
Round 221: [1, 5, 2, 7, 6, 4, 3]
Round 222: [5, 3, 4, 1, 2, 6, 7]
Round 223: [1, 7, 4, 6, 2, 5, 3]
Round 224: [1, 6, 3, 4, 5, 7, 2]
Round 225: [6, 3, 5, 7, 4, 2, 1]
Round 226: [2, 1, 7, 3, 4, 6, 5]
Round 227: [1, 7, 5, 3, 2, 4, 6]
Round 228: [3, 1, 4, 6, 5, 2, 7]
Round 229: [4, 2, 3, 6, 1, 7, 5]
Round 230: [5, 1, 7, 6, 3, 2, 4]
Round 231: [3, 1, 7, 2, 5, 6, 4]
Round 232: [3, 4, 2, 6, 7, 1, 5]
Round 233: [3, 2, 5, 1, 7, 4, 6]
Round 234: [4, 3, 2, 1, 7, 6, 5]
Round 235: [6, 2, 7, 5, 4, 1, 3]
Round 236: [7, 1, 5, 3, 4, 2, 6]
Round 237: [3, 1, 7, 6, 4, 5, 2]
Round 238: [4, 1, 6, 3, 7, 2, 5]
Round 239: [1, 3, 5, 7, 2, 6, 4]
Round 240: [1, 3, 6, 5, 4, 7, 2]
Round 241: [5, 4, 6, 1, 7, 2, 3]
Round 242: [1, 5, 2, 4, 7, 3, 6]
Round 243: [5, 1, 3, 7, 4, 2, 6]
Round 244: [2, 5, 3, 1, 6, 7, 4]
Round 245: [7, 2, 5, 3, 1, 6, 4]
Round 246: [6, 1, 7, 4, 5, 2, 3]
Round 247: [4, 3, 6, 2, 7, 5, 1]
Round 248: [6, 5, 2, 3, 1, 4, 7]
Round 249: [6, 7, 2, 1, 4, 3, 5]
Round 250: [3, 6, 4, 5, 7, 1, 2]
Round 251: [4, 3, 2, 6, 7, 1, 5]
Round 252: [7, 5, 1, 6, 2, 3, 4]
Round 253: [7, 4, 5, 2, 6, 1, 3]
Round 254: [2, 4, 7, 3, 5, 6, 1]
Round 255: [1, 6, 4, 7, 2, 5, 3]
Round 256: [6, 7, 3, 4, 5, 2, 1]
Round 257: [6, 2, 5, 3, 1, 4, 7]
Round 258: [7, 1, 3, 6, 4, 5, 2]
Round 259: [4, 2, 1, 3, 5, 6, 7]
Round 260: [4, 7, 1, 3, 5, 6, 2]
Round 261: [2, 7, 4, 1, 6, 5, 3]
Round 262: [5, 4, 6, 2, 3, 1, 7]
Round 263: [6, 3, 7, 2, 1, 5, 4]
Round 264: [5, 3, 1, 2, 4, 6, 7]
Round 265: [1, 6, 7, 5, 3, 4, 2]
Round 266: [4, 6, 5, 7, 3, 2, 1]
Round 267: [5, 7, 4, 6, 2, 1, 3]
Round 268: [7, 3, 4, 2, 6, 5, 1]
Round 269: [2, 7, 4, 3, 6, 1, 5]
Round 270: [6, 1, 4, 3, 7, 2, 5]
Round 271: [1, 2, 3, 5, 4, 7, 6]
Round 272: [2, 3, 7, 6, 1, 4, 5]
Round 273: [7, 1, 2, 5, 3, 4, 6]
Round 274: [5, 2, 6, 4, 7, 3, 1]
Round 275: [4, 7, 6, 2, 5, 1, 3]
Round 276: [4, 1, 7, 5, 2, 6, 3]
Round 277: [7, 3, 4, 1, 2, 5, 6]
Round 278: [5, 2, 4, 3, 7, 1, 6]
Round 279: [5, 2, 6, 1, 7, 4, 3]
Round 280: [3, 4, 7, 6, 5, 1, 2]
Round 281: [3, 2, 4, 6, 5, 1, 7]
Round 282: [5, 2, 6, 4, 7, 3, 1]
Round 283: [6, 5, 4, 3, 7, 2, 1]
Round 284: [4, 7, 5, 1, 3, 2, 6]
Round 285: [1, 5, 6, 4, 2, 7, 3]
Round 286: [3, 4, 7, 6, 5, 2, 1]
Round 287: [1, 7, 3, 4, 2, 6, 5]
Round 288: [2, 4, 5, 3, 6, 1, 7]
Round 289: [2, 6, 4, 3, 5, 1, 7]
Round 290: [3, 4, 1, 2, 6, 7, 5]
Round 291: [7, 5, 6, 3, 4, 1, 2]
Round 292: [3, 2, 5, 7, 4, 6, 1]
Round 293: [4, 3, 7, 2, 6, 5, 1]
Round 294: [2, 3, 7, 6, 4, 5, 1]
Round 295: [7, 3, 5, 1, 2, 4, 6]
Round 296: [2, 6, 7, 4, 3, 1, 5]
Round 297: [5, 2, 7, 3, 4, 6, 1]
Round 298: [1, 4, 5, 7, 3, 2, 6]
Round 299: [7, 4, 1, 6, 2, 5, 3]
Round 300: [7, 1, 3, 2, 6, 5, 4]
Round 301: [2, 6, 7, 4, 5, 3, 1]
Round 302: [7, 3, 6, 4, 5, 2, 1]
Round 303: [7, 4, 3, 5, 2, 1, 6]
Round 304: [1, 7, 2, 4, 6, 5, 3]
Round 305: [7, 6, 5, 2, 3, 1, 4]
Round 306: [7, 1, 6, 3, 4, 2, 5]
Round 307: [5, 2, 4, 7, 3, 6, 1]
Round 308: [5, 7, 3, 1, 4, 6, 2]
Round 309: [5, 6, 1, 4, 2, 7, 3]
Round 310: [6, 2, 1, 7, 3, 4, 5]
Round 311: [7, 2, 3, 1, 6, 5, 4]
Round 312: [1, 5, 2, 7, 4, 6, 3]
Round 313: [1, 3, 6, 2, 4, 5, 7]
Round 314: [2, 1, 7, 3, 5, 4, 6]
Round 315: [7, 6, 2, 3, 5, 1, 4]
Round 316: [4, 1, 6, 7, 3, 5, 2]
Round 317: [4, 1, 3, 7, 5, 2, 6]
Round 318: [2, 7, 5, 3, 6, 4, 1]
Round 319: [5, 2, 3, 6, 1, 7, 4]
Round 320: [7, 3, 4, 2, 6, 5, 1]
Round 321: [1, 3, 2, 7, 5, 4, 6]
Round 322: [6, 2, 7, 3, 4, 1, 5]
Round 323: [5, 1, 2, 4, 6, 3, 7]
Round 324: [3, 6, 2, 7, 4, 5, 1]
Round 325: [5, 6, 3, 7, 4, 1, 2]
Round 326: [7, 1, 5, 4, 3, 2, 6]
Round 327: [1, 7, 4, 6, 5, 3, 2]
Round 328: [4, 1, 6, 2, 7, 5, 3]
Round 329: [7, 5, 1, 6, 4, 3, 2]
Round 330: [7, 6, 3, 5, 2, 1, 4]
Round 331: [5, 1, 6, 4, 3, 2, 7]
Round 332: [1, 5, 7, 6, 4, 2, 3]
Round 333: [7, 1, 5, 3, 6, 2, 4]
Round 334: [2, 4, 5, 3, 7, 6, 1]
Round 335: [6, 2, 5, 4, 7, 1, 3]
Round 336: [7, 2, 5, 6, 3, 1, 4]
Round 337: [4, 6, 2, 5, 7, 3, 1]
Round 338: [2, 3, 7, 5, 6, 4, 1]
Round 339: [2, 1, 3, 4, 7, 6, 5]
Round 340: [2, 4, 3, 1, 5, 7, 6]
Round 341: [7, 6, 5, 1, 3, 4, 2]
Round 342: [6, 4, 5, 7, 3, 1, 2]
Round 343: [7, 6, 1, 3, 4, 2, 5]
Round 344: [6, 2, 3, 1, 5, 4, 7]
Round 345: [6, 1, 2, 4, 3, 5, 7]
Round 346: [6, 2, 7, 1, 3, 5, 4]
Round 347: [5, 7, 4, 3, 1, 2, 6]
Round 348: [6, 4, 1, 3, 5, 2, 7]
Round 349: [6, 7, 1, 2, 5, 3, 4]
Round 350: [3, 7, 5, 6, 1, 2, 4]
Round 351: [1, 5, 4, 6, 3, 2, 7]
Round 352: [4, 1, 3, 6, 5, 2, 7]
Round 353: [5, 4, 6, 2, 1, 3, 7]
Round 354: [2, 4, 7, 5, 1, 6, 3]
Round 355: [1, 6, 2, 4, 3, 5, 7]
Round 356: [1, 6, 2, 4, 3, 5, 7]
Round 357: [4, 3, 2, 1, 5, 7, 6]
Round 358: [2, 5, 7, 6, 1, 3, 4]
Round 359: [3, 7, 4, 5, 1, 2, 6]
Round 360: [7, 1, 3, 4, 2, 5, 6]
Round 361: [3, 5, 4, 7, 6, 1, 2]
Round 362: [5, 4, 7, 1, 6, 2, 3]
Round 363: [5, 6, 2, 1, 4, 7, 3]
Round 364: [1, 3, 5, 7, 4, 2, 6]
Round 365: [3, 6, 5, 2, 7, 4, 1]
Round 366: [4, 3, 1, 2, 5, 6, 7]
Round 367: [1, 7, 3, 4, 5, 6, 2]
Round 368: [5, 7, 4, 1, 6, 2, 3]
Round 369: [2, 7, 3, 1, 4, 6, 5]
Round 370: [2, 3, 4, 7, 6, 1, 5]
Round 371: [7, 5, 4, 1, 2, 3, 6]
Round 372: [4, 7, 1, 3, 6, 2, 5]
Round 373: [5, 6, 1, 7, 3, 4, 2]
Round 374: [4, 1, 3, 7, 6, 2, 5]
Round 375: [6, 5, 3, 2, 7, 1, 4]
Round 376: [3, 6, 4, 7, 5, 2, 1]
Round 377: [6, 7, 5, 2, 4, 1, 3]
Round 378: [2, 4, 7, 5, 3, 1, 6]
Round 379: [7, 4, 3, 1, 2, 5, 6]
Round 380: [5, 6, 4, 1, 2, 3, 7]
Round 381: [6, 1, 4, 3, 5, 7, 2]
Round 382: [3, 1, 5, 2, 7, 4, 6]
Round 383: [3, 6, 4, 1, 7, 2, 5]
Round 384: [7, 4, 1, 5, 2, 6, 3]
Round 385: [7, 5, 6, 4, 3, 1, 2]
Round 386: [1, 5, 7, 3, 6, 2, 4]
Round 387: [3, 7, 1, 6, 4, 5, 2]
Round 388: [4, 6, 1, 5, 3, 7, 2]
Round 389: [2, 7, 5, 4, 1, 6, 3]
Round 390: [4, 6, 2, 5, 1, 3, 7]
Round 391: [3, 7, 4, 2, 1, 6, 5]
Round 392: [6, 2, 1, 5, 3, 4, 7]
Round 393: [1, 4, 2, 6, 5, 3, 7]
Round 394: [3, 6, 1, 5, 2, 4, 7]
Round 395: [7, 3, 4, 6, 5, 1, 2]
Round 396: [4, 2, 3, 6, 7, 1, 5]
Round 397: [3, 5, 2, 4, 7, 1, 6]
Round 398: [2, 6, 5, 3, 1, 7, 4]
Round 399: [1, 7, 4, 5, 2, 6, 3]
Round 400: [6, 1, 2, 4, 3, 7, 5]
Round 401: [4, 7, 5, 1, 3, 6, 2]
Round 402: [6, 3, 5, 1, 2, 7, 4]
Round 403: [6, 5, 2, 7, 3, 4, 1]
Round 404: [5, 3, 4, 6, 7, 1, 2]
Round 405: [3, 7, 4, 5, 2, 6, 1]
Round 406: [3, 1, 4, 5, 6, 2, 7]
Round 407: [3, 6, 4, 1, 5, 2, 7]
Round 408: [7, 4, 5, 2, 3, 6, 1]
Round 409: [4, 7, 6, 5, 1, 2, 3]
Round 410: [5, 3, 4, 2, 6, 7, 1]
Round 411: [6, 4, 3, 7, 5, 1, 2]
Round 412: [5, 4, 1, 7, 3, 6, 2]
Round 413: [4, 1, 3, 6, 2, 5, 7]
Round 414: [2, 6, 7, 4, 5, 1, 3]
Round 415: [6, 5, 3, 7, 1, 2, 4]
Round 416: [6, 1, 2, 5, 7, 3, 4]
Round 417: [6, 1, 5, 2, 3, 4, 7]
Round 418: [6, 7, 1, 5, 2, 4, 3]
Round 419: [4, 2, 1, 6, 5, 3, 7]
Round 420: [3, 4, 7, 1, 5, 6, 2]
Round 421: [6, 5, 3, 7, 4, 2, 1]
Round 422: [3, 2, 5, 6, 4, 7, 1]
Round 423: [1, 4, 3, 2, 7, 5, 6]
Round 424: [6, 7, 1, 2, 3, 4, 5]
Round 425: [4, 7, 1, 3, 6, 2, 5]
Round 426: [3, 7, 6, 2, 1, 4, 5]
Round 427: [5, 6, 4, 3, 7, 1, 2]
Round 428: [4, 1, 3, 2, 6, 7, 5]
Round 429: [6, 7, 1, 3, 4, 5, 2]
Round 430: [6, 3, 5, 2, 4, 7, 1]
Round 431: [1, 6, 5, 7, 3, 2, 4]
Round 432: [7, 6, 4, 3, 1, 2, 5]
Round 433: [2, 7, 5, 4, 3, 1, 6]
Round 434: [1, 2, 3, 5, 4, 7, 6]
Round 435: [5, 1, 3, 6, 2, 7, 4]
Round 436: [7, 2, 4, 3, 1, 6, 5]
Round 437: [5, 6, 7, 2, 4, 1, 3]
Round 438: [7, 2, 1, 3, 5, 4, 6]
Round 439: [3, 6, 7, 1, 2, 5, 4]
Round 440: [2, 7, 5, 4, 3, 1, 6]
Round 441: [4, 3, 7, 5, 6, 2, 1]
Round 442: [4, 5, 2, 3, 7, 1, 6]
Round 443: [1, 3, 5, 6, 4, 2, 7]
Round 444: [3, 4, 5, 7, 6, 1, 2]
Round 445: [7, 2, 3, 4, 5, 1, 6]
Round 446: [7, 5, 3, 6, 1, 4, 2]
Round 447: [2, 4, 5, 7, 6, 3, 1]
Round 448: [5, 6, 2, 3, 7, 1, 4]
Round 449: [7, 6, 1, 3, 2, 4, 5]
Round 450: [4, 7, 3, 2, 5, 6, 1]
Round 451: [5, 1, 6, 7, 3, 2, 4]
Round 452: [4, 1, 6, 3, 7, 2, 5]
Round 453: [2, 1, 3, 4, 6, 5, 7]
Round 454: [4, 3, 6, 1, 5, 2, 7]
Round 455: [7, 3, 4, 1, 6, 5, 2]
Round 456: [2, 3, 7, 4, 6, 1, 5]
Round 457: [7, 1, 3, 2, 5, 4, 6]
Round 458: [1, 6, 2, 7, 5, 4, 3]
Round 459: [1, 7, 2, 4, 3, 6, 5]
Round 460: [7, 2, 3, 1, 5, 4, 6]
Round 461: [6, 1, 4, 7, 5, 2, 3]
Round 462: [7, 4, 5, 6, 3, 2, 1]
Round 463: [3, 2, 1, 6, 5, 7, 4]
Round 464: [5, 6, 4, 3, 1, 2, 7]
Round 465: [5, 1, 4, 3, 7, 2, 6]
Round 466: [1, 2, 6, 5, 7, 4, 3]
Round 467: [6, 5, 1, 7, 4, 3, 2]
Round 468: [3, 7, 5, 4, 1, 6, 2]
Round 469: [4, 7, 2, 6, 5, 1, 3]
Round 470: [5, 3, 6, 7, 2, 4, 1]
Round 471: [3, 7, 5, 4, 6, 2, 1]
Round 472: [7, 1, 4, 3, 2, 5, 6]
Round 473: [6, 1, 5, 4, 3, 2, 7]
Round 474: [4, 2, 7, 5, 6, 3, 1]
Round 475: [2, 7, 3, 4, 1, 6, 5]
Round 476: [2, 7, 3, 4, 1, 5, 6]
Round 477: [2, 4, 1, 7, 3, 5, 6]
Round 478: [3, 1, 4, 2, 5, 6, 7]
Round 479: [4, 5, 1, 3, 7, 6, 2]
Round 480: [1, 6, 5, 7, 2, 3, 4]
Round 481: [2, 6, 4, 3, 1, 7, 5]
Round 482: [3, 1, 6, 5, 7, 2, 4]
Round 483: [3, 5, 2, 7, 6, 4, 1]
Round 484: [6, 4, 1, 3, 2, 5, 7]
Round 485: [1, 7, 5, 2, 6, 4, 3]
Round 486: [6, 4, 2, 7, 3, 1, 5]
Round 487: [1, 5, 6, 4, 2, 3, 7]
Round 488: [7, 5, 6, 1, 2, 4, 3]
Round 489: [2, 6, 1, 3, 7, 4, 5]
Round 490: [1, 7, 5, 3, 6, 2, 4]
Round 491: [3, 4, 6, 1, 5, 2, 7]
Round 492: [7, 2, 6, 4, 3, 1, 5]
Round 493: [5, 4, 1, 6, 7, 3, 2]
Round 494: [4, 2, 5, 3, 7, 6, 1]
Round 495: [2, 7, 3, 5, 1, 6, 4]
Round 496: [2, 3, 7, 1, 5, 6, 4]
Round 497: [3, 5, 6, 7, 1, 4, 2]
Round 498: [1, 3, 7, 5, 4, 6, 2]
Round 499: [1, 7, 4, 2, 6, 5, 3]
Round 500: [5, 1, 4, 7, 3, 6, 2]
Round 501: [6, 5, 4, 7, 1, 3, 2]
Round 502: [4, 6, 1, 3, 2, 5, 7]
Round 503: [5, 4, 7, 1, 3, 6, 2]
Round 504: [3, 2, 5, 1, 4, 6, 7]
Round 505: [1, 2, 6, 7, 3, 4, 5]
Round 506: [3, 7, 4, 2, 5, 1, 6]
Round 507: [5, 1, 7, 6, 2, 4, 3]
Round 508: [2, 5, 3, 6, 7, 4, 1]
Round 509: [2, 3, 1, 6, 5, 4, 7]
Round 510: [7, 5, 4, 2, 6, 3, 1]
Round 511: [2, 4, 1, 3, 7, 5, 6]
Round 512: [6, 1, 7, 3, 5, 4, 2]
Round 513: [1, 7, 4, 6, 5, 3, 2]
Round 514: [4, 6, 2, 7, 5, 3, 1]
Round 515: [4, 7, 5, 1, 3, 2, 6]
Round 516: [4, 5, 2, 3, 6, 1, 7]
Round 517: [3, 5, 1, 7, 2, 6, 4]
Round 518: [2, 6, 1, 3, 7, 5, 4]
Round 519: [4, 6, 5, 2, 1, 7, 3]
Round 520: [7, 6, 5, 2, 1, 3, 4]
Round 521: [2, 7, 5, 4, 3, 1, 6]
Round 522: [2, 3, 4, 7, 6, 5, 1]
Round 523: [7, 3, 6, 1, 5, 2, 4]
Round 524: [2, 4, 6, 1, 3, 7, 5]
Round 525: [5, 1, 7, 2, 4, 6, 3]
Round 526: [5, 1, 4, 2, 3, 6, 7]
Round 527: [7, 1, 6, 5, 2, 3, 4]
Round 528: [2, 6, 4, 3, 5, 1, 7]
Round 529: [3, 2, 7, 6, 1, 5, 4]
Round 530: [6, 1, 7, 2, 3, 5, 4]
Round 531: [5, 3, 7, 6, 4, 1, 2]
Round 532: [5, 6, 3, 7, 1, 2, 4]
Round 533: [1, 6, 7, 5, 4, 2, 3]
Round 534: [7, 3, 5, 2, 1, 6, 4]
Round 535: [6, 3, 4, 1, 7, 2, 5]
Round 536: [6, 4, 3, 5, 1, 7, 2]
Round 537: [5, 4, 6, 1, 7, 3, 2]
Round 538: [5, 2, 7, 4, 1, 3, 6]
Round 539: [6, 2, 4, 3, 5, 1, 7]
Round 540: [2, 5, 1, 4, 6, 3, 7]
Round 541: [2, 5, 1, 4, 3, 6, 7]
Round 542: [2, 6, 4, 3, 7, 1, 5]
Round 543: [3, 1, 5, 2, 7, 6, 4]
Round 544: [4, 1, 6, 7, 2, 5, 3]
Round 545: [7, 4, 5, 1, 2, 6, 3]
Round 546: [1, 5, 6, 2, 7, 3, 4]
Round 547: [5, 7, 3, 4, 6, 2, 1]
Round 548: [2, 7, 6, 1, 3, 5, 4]
Round 549: [6, 5, 4, 1, 2, 7, 3]
Round 550: [1, 4, 7, 5, 6, 3, 2]
Round 551: [5, 6, 4, 7, 2, 3, 1]
Round 552: [3, 1, 6, 7, 5, 4, 2]
Round 553: [3, 1, 2, 7, 4, 5, 6]
Round 554: [4, 1, 5, 6, 7, 3, 2]
Round 555: [4, 6, 5, 3, 1, 2, 7]
Round 556: [3, 5, 2, 7, 1, 4, 6]
Round 557: [5, 4, 6, 3, 7, 2, 1]
Round 558: [2, 4, 5, 7, 6, 1, 3]
Round 559: [2, 7, 3, 4, 5, 6, 1]
Round 560: [4, 3, 2, 7, 6, 1, 5]
Round 561: [7, 5, 3, 6, 1, 2, 4]
Round 562: [4, 3, 1, 6, 5, 7, 2]
Round 563: [3, 4, 5, 1, 7, 6, 2]
Round 564: [6, 1, 5, 4, 2, 7, 3]
Round 565: [5, 2, 4, 6, 1, 7, 3]
Round 566: [5, 6, 4, 3, 1, 2, 7]
Round 567: [6, 3, 4, 1, 5, 7, 2]
Round 568: [4, 1, 2, 5, 3, 7, 6]
Round 569: [5, 3, 1, 4, 6, 7, 2]
Round 570: [5, 3, 4, 2, 1, 7, 6]
Round 571: [3, 1, 6, 7, 2, 4, 5]
Round 572: [1, 7, 3, 6, 2, 4, 5]
Round 573: [2, 1, 3, 5, 6, 4, 7]
Round 574: [1, 4, 7, 5, 2, 6, 3]
Round 575: [2, 1, 6, 5, 7, 3, 4]
Round 576: [3, 7, 1, 2, 5, 6, 4]
Round 577: [1, 5, 3, 6, 2, 4, 7]
Round 578: [1, 6, 3, 7, 2, 5, 4]
Round 579: [5, 3, 6, 4, 1, 7, 2]
Round 580: [2, 3, 1, 4, 5, 7, 6]
Round 581: [5, 3, 4, 6, 7, 1, 2]
Round 582: [3, 2, 4, 5, 1, 6, 7]
Round 583: [2, 6, 4, 5, 3, 1, 7]
Round 584: [2, 7, 1, 6, 4, 5, 3]
Round 585: [1, 2, 4, 5, 6, 7, 3]
Round 586: [2, 6, 7, 3, 5, 1, 4]
Round 587: [2, 1, 5, 7, 4, 6, 3]
Round 588: [4, 1, 2, 6, 5, 3, 7]
Round 589: [3, 4, 1, 2, 7, 5, 6]
Round 590: [1, 5, 2, 6, 4, 7, 3]
Round 591: [5, 6, 3, 4, 7, 1, 2]
Round 592: [6, 1, 7, 2, 4, 5, 3]
Round 593: [5, 3, 1, 7, 6, 2, 4]
Round 594: [6, 7, 1, 4, 5, 2, 3]
Round 595: [2, 7, 6, 4, 5, 3, 1]
Round 596: [4, 1, 7, 6, 2, 5, 3]
Round 597: [5, 3, 1, 2, 7, 6, 4]
Round 598: [1, 6, 4, 2, 7, 5, 3]
Round 599: [7, 4, 6, 3, 2, 5, 1]
Round 600: [5, 4, 1, 7, 2, 3, 6]
Round 601: [2, 7, 6, 5, 1, 4, 3]
Round 602: [4, 1, 3, 7, 2, 6, 5]
Round 603: [4, 5, 2, 7, 6, 1, 3]
Round 604: [5, 3, 1, 6, 7, 2, 4]
Round 605: [7, 3, 1, 5, 2, 6, 4]
Round 606: [3, 5, 4, 7, 6, 2, 1]
Round 607: [3, 6, 1, 7, 5, 4, 2]
Round 608: [5, 3, 7, 6, 4, 2, 1]
Round 609: [3, 4, 5, 2, 1, 7, 6]
Round 610: [7, 2, 1, 5, 4, 6, 3]
Round 611: [5, 2, 4, 1, 6, 3, 7]
Round 612: [5, 3, 4, 7, 2, 1, 6]
Round 613: [5, 7, 2, 1, 4, 3, 6]
Round 614: [4, 7, 1, 6, 5, 3, 2]
Round 615: [5, 6, 3, 4, 2, 1, 7]
Round 616: [3, 4, 5, 7, 2, 6, 1]
Round 617: [1, 3, 7, 5, 2, 4, 6]
Round 618: [1, 4, 7, 6, 3, 2, 5]
Round 619: [3, 7, 1, 5, 2, 4, 6]
Round 620: [2, 5, 7, 6, 3, 4, 1]
Round 621: [7, 5, 1, 2, 3, 6, 4]
Round 622: [4, 2, 5, 7, 3, 1, 6]
Round 623: [5, 6, 7, 3, 1, 4, 2]
Round 624: [1, 4, 6, 5, 2, 3, 7]
Round 625: [5, 2, 6, 4, 7, 1, 3]
Round 626: [1, 7, 3, 4, 5, 6, 2]
Round 627: [6, 3, 5, 4, 1, 7, 2]
Round 628: [6, 5, 3, 1, 4, 7, 2]
Round 629: [1, 5, 4, 3, 7, 2, 6]
Round 630: [4, 7, 1, 3, 5, 6, 2]
Round 631: [6, 7, 1, 3, 4, 2, 5]
Round 632: [2, 1, 5, 7, 6, 3, 4]
Round 633: [6, 4, 3, 1, 2, 7, 5]
Round 634: [7, 3, 1, 5, 2, 6, 4]
Round 635: [1, 4, 3, 7, 2, 6, 5]
Round 636: [2, 4, 7, 6, 3, 1, 5]
Round 637: [7, 1, 6, 5, 4, 2, 3]
Round 638: [7, 6, 3, 5, 1, 2, 4]
Round 639: [2, 5, 4, 3, 1, 6, 7]
Round 640: [1, 2, 4, 5, 6, 3, 7]
Round 641: [1, 6, 5, 7, 4, 3, 2]
Round 642: [3, 4, 7, 6, 1, 2, 5]
Round 643: [6, 3, 1, 4, 2, 7, 5]
Round 644: [6, 4, 3, 2, 5, 1, 7]
Round 645: [6, 3, 7, 4, 2, 5, 1]
Round 646: [5, 6, 4, 7, 1, 3, 2]
Round 647: [3, 2, 1, 4, 7, 6, 5]
Round 648: [1, 7, 6, 2, 3, 4, 5]
Round 649: [3, 6, 4, 5, 1, 2, 7]
Round 650: [4, 1, 6, 3, 2, 7, 5]
Round 651: [2, 4, 6, 5, 7, 3, 1]
Round 652: [2, 7, 1, 5, 4, 3, 6]
Round 653: [5, 3, 2, 7, 4, 1, 6]
Round 654: [2, 3, 7, 4, 1, 6, 5]
Round 655: [5, 3, 2, 6, 4, 1, 7]
Round 656: [1, 4, 2, 3, 7, 5, 6]
Round 657: [2, 6, 3, 5, 7, 4, 1]
Round 658: [7, 1, 6, 5, 4, 3, 2]
Round 659: [5, 3, 4, 2, 1, 7, 6]
Round 660: [6, 7, 2, 3, 5, 4, 1]
Round 661: [6, 3, 1, 7, 5, 2, 4]
Round 662: [1, 3, 5, 6, 7, 4, 2]
Round 663: [6, 2, 1, 5, 7, 3, 4]
Round 664: [2, 6, 5, 3, 4, 7, 1]
Round 665: [7, 2, 5, 3, 4, 6, 1]
Round 666: [2, 7, 1, 5, 4, 6, 3]
Round 667: [6, 1, 2, 7, 5, 4, 3]
Round 668: [1, 2, 4, 3, 7, 6, 5]
Round 669: [7, 5, 4, 3, 6, 2, 1]
Round 670: [2, 4, 3, 5, 6, 1, 7]
Round 671: [6, 4, 3, 7, 5, 2, 1]
Round 672: [4, 7, 3, 6, 5, 2, 1]
Round 673: [3, 7, 5, 2, 4, 6, 1]
Round 674: [3, 6, 2, 4, 7, 1, 5]
Round 675: [6, 4, 1, 3, 7, 2, 5]
Round 676: [3, 7, 4, 6, 2, 5, 1]
Round 677: [6, 7, 1, 4, 5, 2, 3]
Round 678: [3, 1, 4, 5, 2, 7, 6]
Round 679: [1, 5, 6, 3, 4, 2, 7]
Round 680: [2, 4, 1, 6, 3, 5, 7]
Round 681: [1, 4, 5, 6, 2, 7, 3]
Round 682: [7, 4, 6, 3, 5, 2, 1]
Round 683: [5, 3, 2, 4, 7, 1, 6]
Round 684: [4, 5, 6, 2, 7, 3, 1]
Round 685: [7, 5, 1, 4, 3, 2, 6]
Round 686: [4, 2, 6, 7, 3, 5, 1]
Round 687: [3, 4, 6, 5, 7, 2, 1]
Round 688: [4, 3, 5, 1, 6, 2, 7]
Round 689: [4, 2, 3, 1, 6, 7, 5]
Round 690: [2, 5, 3, 1, 7, 6, 4]
Round 691: [1, 7, 4, 2, 3, 6, 5]
Round 692: [4, 3, 5, 2, 7, 1, 6]
Round 693: [4, 3, 1, 7, 6, 2, 5]
Round 694: [1, 7, 2, 3, 6, 5, 4]
Round 695: [3, 6, 5, 4, 7, 1, 2]
Round 696: [5, 3, 4, 1, 7, 6, 2]
Round 697: [4, 5, 7, 2, 6, 1, 3]
Round 698: [5, 6, 1, 7, 3, 4, 2]
Round 699: [6, 4, 3, 1, 2, 7, 5]
Round 700: [2, 5, 1, 4, 3, 6, 7]
Round 701: [1, 2, 3, 4, 7, 6, 5]
Round 702: [7, 3, 2, 1, 4, 6, 5]
Round 703: [6, 1, 7, 3, 2, 4, 5]
Round 704: [5, 2, 4, 7, 6, 1, 3]
Round 705: [7, 5, 2, 1, 4, 3, 6]
Round 706: [6, 3, 2, 5, 4, 1, 7]
Round 707: [6, 5, 1, 7, 4, 2, 3]
Round 708: [4, 1, 6, 5, 2, 7, 3]
Round 709: [5, 3, 4, 7, 6, 1, 2]
Round 710: [2, 3, 7, 4, 1, 5, 6]
Round 711: [5, 4, 3, 1, 6, 2, 7]
Round 712: [6, 5, 1, 3, 4, 2, 7]
Round 713: [4, 6, 7, 1, 5, 2, 3]
Round 714: [5, 2, 6, 4, 3, 7, 1]
Round 715: [4, 1, 2, 5, 7, 3, 6]
Round 716: [7, 1, 5, 6, 3, 4, 2]
Round 717: [3, 1, 7, 4, 5, 6, 2]
Round 718: [4, 1, 2, 6, 5, 7, 3]
Round 719: [2, 5, 7, 6, 4, 1, 3]
Round 720: [5, 6, 2, 3, 4, 1, 7]
Round 721: [4, 7, 5, 2, 3, 6, 1]
Round 722: [4, 5, 7, 6, 2, 3, 1]
Round 723: [5, 1, 4, 2, 3, 6, 7]
Round 724: [3, 7, 2, 1, 6, 5, 4]
Round 725: [1, 4, 2, 7, 6, 3, 5]
Round 726: [3, 7, 5, 2, 6, 4, 1]
Round 727: [2, 4, 5, 7, 3, 1, 6]
Round 728: [4, 5, 2, 6, 7, 1, 3]
Round 729: [2, 3, 4, 7, 5, 6, 1]
Round 730: [6, 5, 3, 2, 7, 1, 4]
Round 731: [4, 2, 7, 6, 5, 1, 3]
Round 732: [7, 3, 1, 5, 6, 2, 4]
Round 733: [3, 6, 5, 1, 2, 7, 4]
Round 734: [2, 6, 1, 4, 5, 7, 3]
Round 735: [7, 3, 6, 5, 4, 1, 2]
Round 736: [1, 4, 3, 5, 2, 6, 7]
Round 737: [2, 4, 7, 6, 3, 1, 5]
Round 738: [2, 7, 1, 5, 3, 6, 4]
Round 739: [6, 1, 2, 7, 4, 3, 5]
Round 740: [2, 1, 5, 4, 7, 6, 3]
Round 741: [7, 5, 1, 4, 3, 6, 2]
Round 742: [1, 3, 2, 4, 5, 6, 7]
Round 743: [4, 5, 3, 6, 1, 7, 2]
Round 744: [3, 1, 5, 6, 7, 4, 2]
Round 745: [7, 5, 4, 6, 2, 3, 1]
Round 746: [4, 7, 1, 3, 5, 6, 2]
Round 747: [4, 3, 6, 2, 1, 7, 5]
Round 748: [5, 1, 7, 6, 3, 4, 2]
Round 749: [4, 2, 6, 1, 7, 3, 5]
Round 750: [4, 7, 1, 5, 6, 3, 2]
Round 751: [6, 1, 2, 5, 3, 7, 4]
Round 752: [3, 4, 5, 6, 7, 2, 1]
Round 753: [5, 6, 2, 1, 3, 7, 4]
Round 754: [6, 5, 2, 4, 1, 7, 3]
Round 755: [3, 7, 4, 5, 6, 1, 2]
Round 756: [4, 6, 5, 7, 3, 1, 2]
Round 757: [4, 2, 1, 3, 7, 5, 6]
Round 758: [7, 6, 1, 2, 5, 4, 3]
Round 759: [4, 6, 3, 7, 2, 5, 1]
Round 760: [2, 7, 3, 6, 1, 5, 4]
Round 761: [1, 7, 4, 6, 3, 2, 5]
Round 762: [3, 5, 1, 4, 6, 2, 7]
Round 763: [5, 6, 1, 3, 2, 4, 7]
Round 764: [7, 3, 1, 5, 2, 6, 4]
Round 765: [3, 7, 6, 4, 1, 2, 5]
Round 766: [6, 3, 2, 5, 1, 4, 7]
Round 767: [6, 1, 4, 5, 3, 2, 7]
Round 768: [6, 1, 7, 4, 5, 3, 2]
Round 769: [3, 6, 7, 2, 1, 4, 5]
Round 770: [2, 6, 4, 7, 3, 1, 5]
Round 771: [2, 5, 1, 7, 4, 3, 6]
Round 772: [5, 7, 4, 2, 1, 3, 6]
Round 773: [5, 3, 4, 2, 1, 6, 7]
Round 774: [4, 2, 7, 1, 3, 6, 5]
Round 775: [1, 5, 3, 2, 7, 6, 4]
Round 776: [7, 6, 4, 5, 1, 2, 3]
Round 777: [3, 4, 6, 2, 5, 7, 1]
Round 778: [6, 1, 4, 7, 3, 2, 5]
Round 779: [2, 6, 1, 7, 4, 5, 3]
Round 780: [6, 4, 2, 5, 3, 1, 7]
Round 781: [1, 5, 6, 3, 7, 4, 2]
Round 782: [2, 3, 1, 6, 7, 5, 4]
Round 783: [4, 6, 3, 1, 2, 7, 5]
Round 784: [7, 1, 3, 6, 5, 2, 4]
Round 785: [2, 6, 5, 3, 4, 7, 1]
Round 786: [2, 5, 3, 6, 4, 7, 1]
Round 787: [3, 1, 5, 4, 7, 6, 2]
Round 788: [3, 7, 6, 1, 5, 4, 2]
Round 789: [3, 2, 5, 6, 7, 1, 4]
Round 790: [5, 1, 6, 2, 7, 4, 3]
Round 791: [6, 7, 5, 2, 3, 4, 1]
Round 792: [7, 1, 3, 4, 2, 5, 6]
Round 793: [1, 2, 7, 4, 5, 6, 3]
Round 794: [4, 7, 5, 6, 2, 1, 3]
Round 795: [6, 4, 3, 1, 5, 2, 7]
Round 796: [4, 6, 3, 1, 5, 2, 7]
Round 797: [1, 7, 2, 5, 6, 4, 3]
Round 798: [7, 1, 2, 6, 4, 3, 5]
Round 799: [1, 7, 4, 6, 2, 3, 5]
Round 800: [3, 7, 2, 6, 1, 4, 5]
Round 801: [4, 7, 2, 3, 5, 6, 1]
Round 802: [2, 4, 7, 3, 6, 1, 5]
Round 803: [4, 1, 7, 6, 3, 2, 5]
Round 804: [1, 4, 7, 2, 6, 3, 5]
Round 805: [6, 2, 1, 5, 3, 7, 4]
Round 806: [5, 6, 1, 3, 4, 2, 7]
Round 807: [3, 7, 2, 5, 1, 6, 4]
Round 808: [2, 3, 4, 7, 6, 5, 1]
Round 809: [7, 3, 5, 1, 6, 4, 2]
Round 810: [3, 7, 2, 1, 4, 6, 5]
Round 811: [1, 4, 7, 2, 5, 6, 3]
Round 812: [1, 7, 5, 3, 6, 2, 4]
Round 813: [6, 3, 7, 1, 2, 4, 5]
Round 814: [1, 2, 7, 3, 6, 5, 4]
Round 815: [6, 5, 1, 3, 4, 2, 7]
Round 816: [3, 6, 2, 1, 5, 4, 7]
Round 817: [6, 7, 3, 1, 2, 4, 5]
Round 818: [3, 6, 2, 1, 7, 5, 4]
Round 819: [1, 3, 5, 4, 2, 6, 7]
Round 820: [3, 1, 7, 4, 6, 5, 2]
Round 821: [6, 2, 1, 7, 3, 5, 4]
Round 822: [4, 1, 5, 7, 2, 3, 6]
Round 823: [2, 6, 1, 3, 5, 7, 4]
Round 824: [2, 5, 4, 3, 1, 7, 6]
Round 825: [2, 1, 3, 5, 7, 4, 6]
Round 826: [7, 3, 1, 5, 4, 2, 6]
Round 827: [1, 5, 3, 6, 7, 2, 4]
Round 828: [4, 1, 2, 6, 7, 3, 5]
Round 829: [2, 4, 5, 3, 6, 7, 1]
Round 830: [6, 3, 7, 1, 4, 2, 5]
Round 831: [2, 3, 5, 4, 1, 7, 6]
Round 832: [3, 5, 4, 2, 7, 1, 6]
Round 833: [6, 2, 4, 5, 1, 7, 3]
Round 834: [6, 7, 1, 5, 4, 3, 2]
Round 835: [2, 5, 1, 6, 7, 3, 4]
Round 836: [6, 4, 2, 5, 7, 3, 1]
Round 837: [3, 5, 2, 6, 1, 7, 4]
Round 838: [2, 7, 4, 3, 1, 6, 5]
Round 839: [7, 2, 4, 5, 1, 6, 3]
Round 840: [4, 1, 7, 3, 5, 2, 6]
Round 841: [1, 4, 6, 3, 7, 2, 5]
Round 842: [3, 1, 6, 7, 5, 2, 4]
Round 843: [2, 4, 7, 6, 5, 3, 1]
Round 844: [2, 7, 5, 3, 6, 1, 4]
Round 845: [1, 2, 3, 5, 6, 4, 7]
Round 846: [2, 3, 1, 7, 5, 6, 4]
Round 847: [6, 3, 7, 4, 5, 2, 1]
Round 848: [5, 4, 3, 6, 2, 7, 1]
Round 849: [7, 6, 1, 4, 3, 2, 5]
Round 850: [1, 6, 7, 4, 3, 2, 5]
Round 851: [1, 6, 3, 2, 7, 4, 5]
Round 852: [1, 4, 2, 5, 6, 3, 7]
Round 853: [7, 5, 2, 4, 1, 3, 6]
Round 854: [5, 7, 3, 6, 1, 2, 4]
Round 855: [2, 7, 6, 3, 4, 5, 1]
Round 856: [2, 6, 5, 1, 4, 3, 7]
Round 857: [7, 1, 3, 4, 2, 6, 5]
Round 858: [7, 2, 3, 5, 4, 6, 1]
Round 859: [4, 7, 6, 3, 2, 1, 5]
Round 860: [2, 1, 6, 5, 3, 4, 7]
Round 861: [2, 3, 5, 4, 6, 1, 7]
Round 862: [1, 7, 5, 4, 3, 6, 2]
Round 863: [2, 5, 7, 1, 4, 3, 6]
Round 864: [2, 7, 3, 5, 6, 1, 4]
Round 865: [3, 5, 2, 6, 1, 7, 4]
Round 866: [7, 2, 6, 3, 1, 4, 5]
Round 867: [2, 4, 1, 3, 6, 7, 5]
Round 868: [6, 5, 2, 3, 1, 7, 4]
Round 869: [6, 3, 2, 5, 1, 4, 7]
Round 870: [4, 7, 2, 6, 1, 5, 3]
Round 871: [7, 4, 5, 3, 1, 6, 2]
Round 872: [6, 2, 1, 4, 5, 3, 7]
Round 873: [5, 3, 1, 7, 6, 4, 2]
Round 874: [2, 4, 6, 7, 1, 5, 3]
Round 875: [7, 3, 6, 1, 5, 2, 4]
Round 876: [3, 4, 2, 6, 1, 7, 5]
Round 877: [1, 6, 2, 3, 4, 5, 7]
Round 878: [1, 4, 5, 6, 2, 3, 7]
Round 879: [6, 1, 4, 3, 2, 5, 7]
Round 880: [6, 4, 7, 1, 3, 5, 2]
Round 881: [3, 4, 1, 6, 2, 5, 7]
Round 882: [6, 4, 5, 3, 2, 7, 1]
Round 883: [4, 2, 6, 1, 5, 3, 7]
Round 884: [2, 5, 6, 4, 3, 7, 1]
Round 885: [4, 5, 1, 7, 6, 2, 3]
Round 886: [5, 1, 2, 6, 3, 7, 4]
Round 887: [2, 4, 7, 1, 5, 6, 3]
Round 888: [5, 7, 6, 3, 1, 2, 4]
Round 889: [6, 4, 3, 1, 7, 2, 5]
Round 890: [3, 5, 4, 1, 6, 2, 7]
Round 891: [2, 1, 5, 3, 4, 6, 7]
Round 892: [1, 5, 3, 7, 2, 6, 4]
Round 893: [5, 6, 3, 1, 2, 4, 7]
Round 894: [7, 4, 2, 3, 6, 5, 1]
Round 895: [5, 7, 6, 2, 3, 1, 4]
Round 896: [6, 4, 1, 5, 7, 3, 2]
Round 897: [7, 5, 4, 6, 2, 3, 1]
Round 898: [3, 7, 6, 5, 2, 4, 1]
Round 899: [5, 4, 3, 6, 7, 2, 1]
Round 900: [7, 1, 2, 6, 4, 3, 5]
Round 901: [5, 4, 2, 6, 3, 7, 1]
Round 902: [5, 3, 7, 6, 2, 1, 4]
Round 903: [1, 7, 2, 5, 4, 6, 3]
Round 904: [4, 3, 6, 7, 5, 2, 1]
Round 905: [2, 6, 7, 5, 1, 4, 3]
Round 906: [5, 3, 4, 7, 6, 2, 1]
Round 907: [3, 6, 7, 1, 2, 4, 5]
Round 908: [7, 4, 6, 5, 2, 3, 1]
Round 909: [3, 5, 2, 4, 7, 6, 1]
Round 910: [6, 1, 5, 7, 2, 4, 3]
Round 911: [2, 6, 4, 1, 5, 3, 7]
Round 912: [3, 2, 7, 5, 6, 4, 1]
Round 913: [6, 5, 3, 4, 7, 1, 2]
Round 914: [6, 2, 4, 5, 7, 3, 1]
Round 915: [3, 5, 4, 1, 6, 2, 7]
Round 916: [1, 2, 3, 5, 4, 6, 7]
Round 917: [7, 5, 1, 6, 3, 2, 4]
Round 918: [3, 4, 6, 1, 7, 2, 5]
Round 919: [2, 1, 7, 5, 6, 4, 3]
Round 920: [2, 6, 3, 7, 1, 4, 5]
Round 921: [2, 3, 5, 4, 6, 7, 1]
Round 922: [2, 6, 7, 5, 4, 3, 1]
Round 923: [7, 6, 4, 2, 5, 1, 3]
Round 924: [1, 2, 3, 5, 4, 7, 6]
Round 925: [4, 1, 3, 7, 5, 6, 2]
Round 926: [4, 5, 3, 2, 6, 1, 7]
Round 927: [3, 6, 4, 1, 2, 7, 5]
Round 928: [6, 2, 4, 7, 3, 1, 5]
Round 929: [2, 1, 7, 3, 5, 4, 6]
Round 930: [2, 6, 3, 5, 1, 4, 7]
Round 931: [3, 6, 7, 5, 4, 1, 2]
Round 932: [7, 5, 6, 4, 1, 3, 2]
Round 933: [1, 7, 2, 4, 5, 6, 3]
Round 934: [7, 1, 2, 4, 3, 6, 5]
Round 935: [2, 6, 4, 5, 7, 3, 1]
Round 936: [6, 5, 4, 7, 3, 2, 1]
Round 937: [2, 3, 1, 6, 4, 5, 7]
Round 938: [1, 7, 5, 6, 2, 4, 3]
Round 939: [2, 6, 5, 1, 4, 3, 7]
Round 940: [6, 4, 1, 5, 2, 3, 7]
Round 941: [5, 1, 7, 2, 3, 6, 4]
Round 942: [1, 3, 5, 2, 4, 7, 6]
Round 943: [7, 2, 6, 3, 5, 4, 1]
Round 944: [3, 4, 2, 1, 7, 6, 5]
Round 945: [1, 3, 6, 4, 7, 2, 5]
Round 946: [6, 3, 2, 1, 5, 7, 4]
Round 947: [3, 6, 5, 7, 2, 4, 1]
Round 948: [1, 4, 7, 5, 3, 2, 6]
Round 949: [3, 1, 2, 6, 7, 5, 4]
Round 950: [5, 1, 3, 6, 2, 7, 4]
Round 951: [4, 5, 1, 3, 6, 2, 7]
Round 952: [3, 1, 4, 5, 7, 6, 2]
Round 953: [7, 2, 6, 4, 3, 5, 1]
Round 954: [6, 2, 5, 1, 7, 3, 4]
Round 955: [1, 6, 5, 7, 2, 3, 4]
Round 956: [6, 1, 3, 5, 2, 4, 7]
Round 957: [3, 2, 6, 4, 1, 7, 5]
Round 958: [4, 3, 6, 7, 2, 5, 1]
Round 959: [1, 3, 4, 2, 6, 5, 7]
Round 960: [1, 6, 7, 2, 4, 3, 5]
Round 961: [5, 4, 1, 2, 3, 6, 7]
Round 962: [5, 3, 7, 2, 4, 6, 1]
Round 963: [5, 4, 1, 6, 3, 7, 2]
Round 964: [4, 6, 2, 7, 5, 1, 3]
Round 965: [3, 6, 4, 2, 5, 7, 1]
Round 966: [5, 2, 1, 3, 4, 6, 7]
Round 967: [6, 7, 5, 1, 2, 3, 4]
Round 968: [3, 1, 4, 6, 7, 5, 2]
Round 969: [2, 7, 3, 5, 6, 1, 4]
Round 970: [3, 4, 2, 7, 6, 1, 5]
Round 971: [4, 1, 5, 2, 6, 3, 7]
Round 972: [6, 4, 1, 2, 3, 5, 7]
Round 973: [6, 4, 7, 5, 3, 1, 2]
Round 974: [5, 2, 4, 6, 1, 7, 3]
Round 975: [6, 7, 2, 5, 4, 1, 3]
Round 976: [1, 6, 2, 4, 7, 3, 5]
Round 977: [4, 7, 2, 1, 3, 5, 6]
Round 978: [5, 2, 1, 4, 3, 7, 6]
Round 979: [2, 1, 6, 4, 7, 3, 5]
Round 980: [6, 2, 5, 3, 1, 7, 4]
Round 981: [7, 4, 1, 6, 2, 5, 3]
Round 982: [1, 3, 7, 5, 4, 2, 6]
Round 983: [4, 1, 2, 5, 3, 6, 7]
Round 984: [7, 3, 5, 6, 2, 1, 4]
Round 985: [4, 6, 1, 7, 2, 3, 5]
Round 986: [5, 2, 3, 6, 4, 1, 7]
Round 987: [3, 4, 2, 6, 7, 5, 1]
Round 988: [4, 5, 1, 2, 7, 6, 3]
Round 989: [5, 1, 3, 4, 6, 7, 2]
Round 990: [6, 1, 4, 7, 5, 2, 3]
Round 991: [1, 2, 5, 4, 3, 6, 7]
Round 992: [3, 5, 2, 6, 1, 7, 4]
Round 993: [2, 4, 7, 3, 5, 6, 1]
Round 994: [5, 3, 1, 2, 7, 4, 6]
Round 995: [5, 6, 3, 1, 2, 4, 7]
Round 996: [7, 6, 4, 1, 3, 5, 2]
Round 997: [5, 2, 6, 4, 1, 3, 7]
Round 998: [4, 6, 5, 1, 7, 2, 3]
Round 999: [6, 7, 2, 4, 1, 3, 5]
Round 1000: [6, 2, 4, 5, 1, 3, 7]
Round 1001: [6, 5, 1, 4, 7, 3, 2]
Round 1002: [7, 6, 3, 5, 1, 4, 2]
Round 1003: [4, 7, 2, 3, 1, 6, 5]
Round 1004: [2, 3, 6, 5, 1, 4, 7]
Round 1005: [7, 6, 1, 5, 4, 3, 2]
Round 1006: [3, 1, 7, 6, 2, 4, 5]
Round 1007: [6, 7, 5, 2, 4, 1, 3]
Round 1008: [1, 4, 7, 6, 5, 3, 2]
Round 1009: [7, 2, 6, 1, 4, 5, 3]
Round 1010: [1, 7, 3, 4, 2, 6, 5]
Round 1011: [3, 6, 7, 4, 1, 2, 5]
Round 1012: [7, 2, 5, 6, 3, 1, 4]
Round 1013: [2, 7, 4, 5, 6, 3, 1]
Round 1014: [7, 5, 2, 6, 1, 3, 4]
Round 1015: [4, 3, 6, 5, 2, 1, 7]
Round 1016: [7, 4, 6, 3, 1, 2, 5]
Round 1017: [6, 5, 2, 3, 4, 1, 7]
Round 1018: [7, 2, 3, 6, 5, 1, 4]
Round 1019: [2, 4, 5, 6, 7, 1, 3]
Round 1020: [3, 5, 6, 4, 7, 1, 2]
Round 1021: [6, 7, 4, 1, 5, 2, 3]
Round 1022: [1, 3, 5, 4, 2, 6, 7]
Round 1023: [7, 4, 2, 6, 5, 3, 1]
Round 1024: [5, 2, 3, 7, 4, 6, 1]
Round 1025: [1, 7, 6, 3, 2, 5, 4]
Round 1026: [2, 1, 5, 3, 7, 4, 6]
Round 1027: [6, 1, 4, 7, 3, 2, 5]
Round 1028: [1, 7, 3, 2, 4, 6, 5]
Round 1029: [7, 2, 6, 1, 5, 4, 3]
Round 1030: [4, 3, 6, 2, 1, 7, 5]
Round 1031: [7, 1, 3, 5, 6, 2, 4]
Round 1032: [5, 2, 3, 7, 6, 4, 1]
Round 1033: [7, 1, 3, 6, 5, 4, 2]
Round 1034: [4, 7, 2, 5, 6, 1, 3]
Round 1035: [5, 4, 3, 2, 6, 1, 7]
Round 1036: [3, 4, 6, 7, 1, 2, 5]
Round 1037: [1, 6, 4, 3, 5, 2, 7]
Round 1038: [4, 5, 3, 2, 6, 1, 7]
Round 1039: [5, 4, 3, 2, 6, 1, 7]
Round 1040: [6, 3, 7, 2, 1, 5, 4]
Round 1041: [7, 3, 6, 2, 5, 4, 1]
Round 1042: [5, 4, 6, 3, 7, 2, 1]
Round 1043: [7, 3, 1, 6, 2, 4, 5]
Round 1044: [7, 6, 4, 3, 1, 5, 2]
Round 1045: [6, 4, 1, 3, 7, 5, 2]
Round 1046: [6, 7, 3, 4, 1, 2, 5]
Round 1047: [4, 2, 5, 6, 7, 3, 1]
Round 1048: [4, 6, 5, 2, 7, 3, 1]
Round 1049: [5, 4, 6, 2, 7, 1, 3]
Round 1050: [7, 1, 4, 5, 6, 2, 3]
Round 1051: [3, 2, 5, 7, 4, 1, 6]
Round 1052: [1, 5, 6, 2, 4, 7, 3]
Round 1053: [6, 7, 1, 2, 5, 3, 4]
Round 1054: [7, 1, 4, 6, 5, 3, 2]
Round 1055: [7, 5, 2, 1, 3, 6, 4]
Round 1056: [6, 3, 1, 7, 4, 2, 5]
Round 1057: [5, 7, 6, 2, 3, 1, 4]
Round 1058: [5, 7, 6, 1, 3, 2, 4]
Round 1059: [2, 3, 1, 7, 4, 5, 6]
Round 1060: [6, 3, 7, 4, 2, 5, 1]
Round 1061: [7, 5, 2, 6, 4, 3, 1]
Round 1062: [7, 1, 2, 5, 6, 3, 4]
Round 1063: [6, 3, 7, 5, 1, 2, 4]
Round 1064: [4, 3, 2, 7, 6, 1, 5]
Round 1065: [5, 6, 7, 3, 4, 1, 2]
Round 1066: [7, 1, 5, 4, 6, 2, 3]
Round 1067: [6, 4, 5, 1, 7, 2, 3]
Round 1068: [7, 5, 4, 1, 3, 2, 6]
Round 1069: [2, 5, 6, 1, 7, 3, 4]
Round 1070: [5, 3, 6, 7, 2, 1, 4]
Round 1071: [6, 3, 2, 5, 1, 7, 4]
Round 1072: [1, 5, 3, 2, 6, 7, 4]
Round 1073: [2, 6, 3, 1, 5, 7, 4]
Round 1074: [6, 4, 1, 5, 2, 7, 3]
Round 1075: [3, 5, 2, 1, 7, 4, 6]
Round 1076: [7, 3, 2, 1, 6, 5, 4]
Round 1077: [6, 3, 5, 2, 1, 7, 4]
Round 1078: [4, 2, 7, 6, 1, 5, 3]
Round 1079: [3, 7, 6, 1, 4, 2, 5]
Round 1080: [4, 5, 3, 7, 2, 1, 6]
Round 1081: [2, 4, 1, 5, 3, 7, 6]
Round 1082: [1, 7, 4, 5, 3, 6, 2]
Round 1083: [5, 6, 2, 4, 3, 7, 1]
Round 1084: [3, 5, 2, 7, 6, 1, 4]
Round 1085: [5, 2, 4, 6, 7, 1, 3]
Round 1086: [1, 7, 6, 5, 2, 3, 4]
Round 1087: [5, 7, 6, 1, 4, 2, 3]
Round 1088: [2, 4, 3, 1, 7, 5, 6]
Round 1089: [1, 7, 2, 3, 5, 4, 6]
Round 1090: [7, 5, 3, 6, 1, 2, 4]
Round 1091: [3, 5, 1, 6, 4, 7, 2]
Round 1092: [1, 5, 2, 6, 7, 4, 3]
Round 1093: [7, 1, 4, 3, 6, 5, 2]
Round 1094: [6, 3, 4, 5, 7, 1, 2]
Round 1095: [3, 6, 7, 2, 4, 1, 5]
Round 1096: [2, 3, 5, 4, 6, 1, 7]
Round 1097: [5, 1, 4, 7, 3, 2, 6]
Round 1098: [5, 4, 3, 1, 7, 6, 2]
Round 1099: [5, 3, 2, 1, 6, 7, 4]
Round 1100: [3, 7, 5, 6, 2, 1, 4]
Round 1101: [2, 5, 6, 7, 1, 4, 3]
Round 1102: [4, 7, 1, 3, 5, 2, 6]
Round 1103: [3, 2, 4, 6, 7, 1, 5]
Round 1104: [1, 5, 4, 2, 3, 7, 6]
Round 1105: [7, 2, 6, 1, 5, 3, 4]
Round 1106: [2, 5, 4, 3, 6, 7, 1]
Round 1107: [7, 3, 1, 5, 2, 4, 6]
Round 1108: [7, 3, 4, 2, 5, 1, 6]
Round 1109: [1, 5, 6, 7, 2, 3, 4]
Round 1110: [5, 4, 7, 3, 2, 6, 1]
Round 1111: [7, 3, 5, 4, 1, 2, 6]
Round 1112: [7, 5, 1, 6, 3, 2, 4]
Round 1113: [6, 4, 5, 7, 2, 3, 1]
Round 1114: [5, 4, 7, 3, 1, 6, 2]
Round 1115: [7, 3, 6, 1, 5, 2, 4]
Round 1116: [5, 2, 7, 3, 6, 1, 4]
Round 1117: [3, 4, 2, 7, 1, 6, 5]
Round 1118: [2, 7, 1, 4, 3, 6, 5]
Round 1119: [6, 5, 3, 7, 2, 1, 4]
Round 1120: [6, 3, 1, 5, 7, 2, 4]
Round 1121: [3, 2, 5, 7, 4, 1, 6]
Round 1122: [6, 5, 3, 7, 2, 4, 1]
Round 1123: [1, 2, 3, 5, 7, 6, 4]
Round 1124: [7, 3, 6, 4, 5, 2, 1]
Round 1125: [5, 6, 3, 7, 1, 4, 2]
Round 1126: [1, 2, 7, 5, 3, 4, 6]
Round 1127: [2, 1, 6, 7, 5, 3, 4]
Round 1128: [2, 5, 3, 4, 6, 1, 7]
Round 1129: [7, 6, 1, 4, 3, 5, 2]
Round 1130: [6, 4, 2, 1, 5, 7, 3]
Round 1131: [7, 4, 2, 3, 1, 6, 5]
Round 1132: [5, 2, 6, 1, 4, 3, 7]
Round 1133: [7, 2, 5, 6, 4, 3, 1]
Round 1134: [2, 3, 7, 5, 6, 4, 1]
Round 1135: [7, 1, 5, 4, 2, 3, 6]
Round 1136: [6, 2, 5, 7, 1, 3, 4]
Round 1137: [5, 6, 1, 4, 2, 3, 7]
Round 1138: [4, 6, 3, 7, 5, 2, 1]
Round 1139: [7, 3, 4, 6, 1, 2, 5]
Round 1140: [1, 6, 3, 5, 7, 4, 2]
Round 1141: [3, 5, 2, 7, 6, 4, 1]
Round 1142: [5, 2, 6, 1, 4, 3, 7]
Round 1143: [3, 6, 4, 1, 2, 5, 7]
Round 1144: [6, 7, 4, 5, 3, 2, 1]
Round 1145: [4, 2, 6, 1, 5, 3, 7]
Round 1146: [1, 7, 4, 2, 6, 5, 3]
Round 1147: [2, 7, 6, 3, 1, 5, 4]
Round 1148: [6, 7, 2, 4, 5, 3, 1]
Round 1149: [2, 7, 1, 6, 4, 5, 3]
Round 1150: [4, 7, 1, 5, 3, 2, 6]
Round 1151: [5, 4, 1, 7, 2, 3, 6]
Round 1152: [1, 4, 3, 2, 6, 7, 5]
Round 1153: [1, 5, 3, 4, 2, 6, 7]
Round 1154: [6, 2, 1, 5, 4, 7, 3]
Round 1155: [6, 3, 7, 1, 2, 5, 4]
Round 1156: [3, 4, 6, 7, 2, 5, 1]
Round 1157: [3, 5, 1, 6, 4, 7, 2]
Round 1158: [1, 6, 5, 7, 3, 2, 4]
Round 1159: [2, 1, 7, 5, 6, 4, 3]
Round 1160: [1, 4, 3, 7, 2, 5, 6]
Round 1161: [4, 7, 5, 2, 1, 3, 6]
Round 1162: [7, 1, 2, 5, 6, 3, 4]
Round 1163: [1, 4, 2, 7, 5, 3, 6]
Round 1164: [7, 5, 3, 6, 2, 4, 1]
Round 1165: [6, 4, 7, 1, 2, 3, 5]
Round 1166: [2, 4, 1, 6, 7, 3, 5]
Round 1167: [3, 2, 1, 6, 7, 5, 4]
Round 1168: [4, 7, 3, 2, 5, 1, 6]
Round 1169: [2, 1, 4, 7, 3, 6, 5]
Round 1170: [7, 4, 3, 1, 5, 2, 6]
Round 1171: [3, 6, 5, 2, 1, 4, 7]
Round 1172: [2, 1, 4, 6, 5, 7, 3]
Round 1173: [6, 7, 5, 3, 1, 2, 4]
Round 1174: [2, 6, 7, 3, 5, 4, 1]
Round 1175: [5, 6, 1, 7, 2, 4, 3]
Round 1176: [6, 7, 2, 1, 3, 5, 4]
Round 1177: [6, 2, 1, 4, 7, 3, 5]
Round 1178: [5, 3, 1, 6, 7, 2, 4]
Round 1179: [4, 7, 5, 2, 6, 1, 3]
Round 1180: [3, 6, 5, 2, 1, 4, 7]
Round 1181: [5, 3, 4, 7, 6, 1, 2]
Round 1182: [3, 5, 2, 1, 7, 4, 6]
Round 1183: [2, 5, 6, 1, 4, 3, 7]
Round 1184: [7, 6, 3, 2, 1, 4, 5]
Round 1185: [3, 1, 4, 6, 7, 5, 2]
Round 1186: [6, 7, 3, 4, 2, 1, 5]
Round 1187: [3, 7, 4, 5, 2, 6, 1]
Round 1188: [1, 7, 6, 2, 3, 4, 5]
Round 1189: [2, 1, 7, 4, 6, 3, 5]
Round 1190: [1, 7, 4, 5, 3, 2, 6]
Round 1191: [2, 4, 6, 1, 5, 3, 7]
Round 1192: [3, 6, 1, 7, 2, 5, 4]
Round 1193: [2, 1, 4, 6, 5, 7, 3]
Round 1194: [5, 6, 4, 7, 2, 1, 3]
Round 1195: [2, 7, 5, 6, 4, 3, 1]
Round 1196: [5, 1, 4, 6, 3, 7, 2]
Round 1197: [7, 1, 5, 2, 3, 4, 6]
Round 1198: [5, 2, 4, 3, 6, 7, 1]
Round 1199: [4, 3, 6, 7, 5, 1, 2]
Round 1200: [3, 6, 4, 2, 1, 5, 7]
Round 1201: [2, 3, 5, 1, 7, 4, 6]
Round 1202: [2, 6, 4, 5, 7, 3, 1]
Round 1203: [3, 6, 7, 2, 4, 1, 5]
Round 1204: [1, 4, 6, 2, 5, 7, 3]
Round 1205: [4, 2, 5, 6, 7, 3, 1]
Round 1206: [7, 3, 6, 5, 2, 4, 1]
Round 1207: [7, 3, 1, 6, 4, 2, 5]
Round 1208: [6, 2, 3, 4, 7, 1, 5]
Round 1209: [3, 5, 6, 4, 1, 7, 2]
Round 1210: [4, 3, 6, 7, 5, 1, 2]
Round 1211: [4, 3, 1, 5, 6, 7, 2]
Round 1212: [2, 1, 3, 4, 5, 6, 7]
Round 1213: [3, 4, 7, 6, 2, 1, 5]
Round 1214: [2, 5, 1, 7, 4, 3, 6]
Round 1215: [3, 6, 5, 1, 7, 4, 2]
Round 1216: [6, 1, 2, 3, 4, 7, 5]
Round 1217: [3, 1, 6, 7, 4, 5, 2]
Round 1218: [6, 2, 1, 3, 4, 7, 5]
Round 1219: [1, 4, 5, 2, 3, 6, 7]
Round 1220: [6, 3, 5, 2, 7, 4, 1]
Round 1221: [7, 2, 5, 6, 1, 4, 3]
Round 1222: [2, 1, 7, 5, 4, 3, 6]
Round 1223: [6, 1, 2, 5, 7, 3, 4]
Round 1224: [6, 3, 1, 2, 4, 7, 5]
Round 1225: [6, 4, 3, 2, 1, 5, 7]
Round 1226: [1, 4, 3, 7, 6, 2, 5]
Round 1227: [7, 3, 6, 4, 2, 1, 5]
Round 1228: [6, 2, 1, 7, 3, 4, 5]
Round 1229: [3, 5, 7, 4, 1, 6, 2]
Round 1230: [6, 3, 2, 7, 1, 5, 4]
Round 1231: [2, 3, 7, 4, 1, 6, 5]
Round 1232: [4, 5, 6, 1, 7, 2, 3]
Round 1233: [5, 3, 1, 2, 6, 4, 7]
Round 1234: [4, 2, 6, 1, 7, 5, 3]
Round 1235: [7, 3, 1, 2, 5, 4, 6]
Round 1236: [5, 6, 1, 7, 3, 2, 4]
Round 1237: [6, 2, 5, 4, 1, 7, 3]
Round 1238: [4, 5, 6, 2, 1, 3, 7]
Round 1239: [2, 4, 6, 7, 5, 1, 3]
Round 1240: [7, 4, 3, 2, 5, 1, 6]
Round 1241: [6, 4, 5, 2, 7, 3, 1]
Round 1242: [4, 5, 2, 7, 1, 3, 6]
Round 1243: [3, 4, 1, 5, 6, 7, 2]
Round 1244: [1, 6, 4, 7, 3, 2, 5]
Round 1245: [7, 4, 2, 5, 3, 6, 1]
Round 1246: [2, 4, 6, 5, 7, 1, 3]
Round 1247: [1, 4, 6, 3, 2, 7, 5]
Round 1248: [2, 4, 6, 5, 3, 7, 1]
Round 1249: [1, 4, 2, 3, 7, 5, 6]
Round 1250: [1, 5, 2, 6, 3, 4, 7]
Round 1251: [2, 3, 7, 1, 5, 4, 6]
Round 1252: [1, 7, 4, 2, 3, 6, 5]
Round 1253: [7, 2, 3, 6, 4, 1, 5]
Round 1254: [4, 2, 1, 3, 5, 7, 6]
Round 1255: [3, 6, 5, 4, 7, 2, 1]
Round 1256: [3, 6, 1, 5, 4, 7, 2]
Round 1257: [5, 2, 1, 7, 6, 4, 3]
Round 1258: [2, 5, 1, 7, 4, 6, 3]
Round 1259: [4, 1, 3, 7, 2, 6, 5]
Round 1260: [7, 5, 4, 2, 3, 6, 1]
Round 1261: [5, 4, 6, 2, 1, 3, 7]
Round 1262: [6, 1, 3, 7, 5, 2, 4]
Round 1263: [7, 3, 4, 2, 6, 5, 1]
Round 1264: [2, 5, 3, 7, 4, 1, 6]
Round 1265: [6, 2, 5, 7, 3, 4, 1]
Round 1266: [7, 1, 3, 4, 5, 6, 2]
Round 1267: [4, 3, 1, 2, 5, 6, 7]
Round 1268: [1, 7, 5, 4, 6, 3, 2]
Round 1269: [4, 7, 1, 6, 3, 5, 2]
Round 1270: [4, 1, 3, 2, 7, 5, 6]
Round 1271: [7, 4, 5, 2, 3, 1, 6]
Round 1272: [2, 4, 7, 6, 3, 1, 5]
Round 1273: [1, 4, 2, 5, 6, 3, 7]
Round 1274: [4, 6, 3, 2, 7, 5, 1]
Round 1275: [6, 4, 3, 7, 1, 2, 5]
Round 1276: [5, 2, 7, 3, 6, 4, 1]
Round 1277: [5, 1, 7, 2, 3, 4, 6]
Round 1278: [1, 5, 4, 2, 3, 6, 7]
Round 1279: [7, 4, 3, 6, 2, 1, 5]
Round 1280: [2, 6, 7, 5, 4, 1, 3]
Round 1281: [2, 3, 7, 6, 5, 4, 1]
Round 1282: [6, 7, 5, 1, 3, 4, 2]
Round 1283: [5, 7, 1, 3, 4, 2, 6]
Round 1284: [5, 7, 6, 1, 3, 2, 4]
Round 1285: [6, 4, 7, 2, 1, 5, 3]
Round 1286: [4, 1, 2, 3, 6, 5, 7]
Round 1287: [7, 5, 2, 1, 6, 3, 4]
Round 1288: [3, 2, 5, 1, 4, 7, 6]
Round 1289: [3, 4, 6, 2, 5, 1, 7]
Round 1290: [5, 6, 3, 1, 7, 4, 2]
Round 1291: [6, 3, 2, 4, 1, 7, 5]
Round 1292: [2, 1, 7, 6, 3, 4, 5]
Round 1293: [1, 4, 3, 7, 5, 2, 6]
Round 1294: [4, 7, 5, 6, 1, 3, 2]
Round 1295: [5, 4, 6, 2, 7, 3, 1]
Round 1296: [2, 6, 5, 3, 4, 1, 7]
Round 1297: [5, 4, 7, 1, 2, 3, 6]
Round 1298: [4, 5, 2, 7, 1, 6, 3]
Round 1299: [3, 6, 7, 2, 1, 5, 4]
Round 1300: [5, 1, 4, 2, 3, 6, 7]
Round 1301: [3, 1, 6, 7, 2, 5, 4]
Round 1302: [1, 6, 5, 4, 3, 2, 7]
Round 1303: [2, 5, 4, 6, 7, 1, 3]
Round 1304: [7, 4, 2, 1, 3, 5, 6]
Round 1305: [3, 1, 7, 5, 2, 4, 6]
Round 1306: [6, 4, 1, 2, 3, 7, 5]
Round 1307: [1, 3, 2, 5, 4, 7, 6]
Round 1308: [7, 4, 6, 3, 5, 1, 2]
Round 1309: [3, 6, 4, 7, 5, 2, 1]
Round 1310: [5, 2, 6, 1, 7, 3, 4]
Round 1311: [4, 2, 3, 5, 1, 6, 7]
Round 1312: [4, 7, 3, 2, 1, 5, 6]
Round 1313: [6, 4, 7, 2, 1, 5, 3]
Round 1314: [5, 3, 7, 2, 6, 4, 1]
Round 1315: [4, 3, 7, 5, 1, 6, 2]
Round 1316: [4, 1, 7, 2, 3, 6, 5]
Round 1317: [6, 7, 4, 2, 1, 3, 5]
Round 1318: [2, 1, 4, 5, 3, 6, 7]
Round 1319: [6, 4, 7, 5, 1, 2, 3]
Round 1320: [4, 3, 5, 6, 7, 2, 1]
Round 1321: [6, 2, 5, 3, 7, 1, 4]
Round 1322: [2, 1, 7, 5, 6, 4, 3]
Round 1323: [3, 2, 5, 7, 1, 6, 4]
Round 1324: [4, 5, 2, 3, 6, 7, 1]
Round 1325: [1, 2, 7, 4, 3, 5, 6]
Round 1326: [2, 3, 1, 6, 4, 7, 5]
Round 1327: [6, 7, 1, 2, 5, 3, 4]
Round 1328: [5, 7, 1, 6, 3, 2, 4]
Round 1329: [7, 6, 2, 4, 1, 3, 5]
Round 1330: [3, 5, 6, 2, 4, 1, 7]
Round 1331: [5, 4, 1, 7, 3, 6, 2]
Round 1332: [4, 7, 1, 3, 6, 2, 5]
Round 1333: [6, 2, 4, 7, 1, 5, 3]
Round 1334: [6, 3, 1, 7, 5, 4, 2]
Round 1335: [7, 4, 6, 3, 2, 5, 1]
Round 1336: [1, 2, 3, 5, 7, 6, 4]
Round 1337: [1, 5, 6, 7, 4, 2, 3]
Round 1338: [3, 7, 5, 2, 4, 6, 1]
Round 1339: [2, 6, 5, 7, 3, 1, 4]
Round 1340: [2, 6, 1, 4, 3, 7, 5]
Round 1341: [7, 1, 6, 4, 5, 3, 2]
Round 1342: [3, 6, 1, 2, 5, 4, 7]
Round 1343: [6, 2, 3, 4, 1, 5, 7]
Round 1344: [2, 6, 7, 5, 4, 1, 3]
Round 1345: [3, 5, 4, 1, 7, 6, 2]
Round 1346: [2, 1, 3, 4, 7, 5, 6]
Round 1347: [5, 4, 1, 2, 6, 7, 3]
Round 1348: [7, 5, 6, 2, 4, 3, 1]
Round 1349: [6, 7, 3, 1, 5, 2, 4]
Round 1350: [7, 3, 2, 1, 6, 5, 4]
Round 1351: [3, 2, 1, 6, 5, 7, 4]
Round 1352: [3, 4, 1, 6, 7, 2, 5]
Round 1353: [1, 6, 5, 7, 2, 3, 4]
Round 1354: [6, 5, 4, 3, 2, 7, 1]
Round 1355: [4, 6, 1, 7, 5, 2, 3]
Round 1356: [4, 5, 3, 2, 7, 1, 6]
Round 1357: [2, 6, 5, 3, 7, 4, 1]
Round 1358: [1, 2, 7, 6, 3, 5, 4]
Round 1359: [3, 6, 2, 1, 5, 7, 4]
Round 1360: [2, 6, 1, 5, 7, 3, 4]
Round 1361: [7, 3, 1, 2, 6, 5, 4]
Round 1362: [2, 4, 7, 6, 1, 3, 5]
Round 1363: [7, 2, 4, 1, 5, 6, 3]
Round 1364: [4, 5, 7, 3, 1, 2, 6]
Round 1365: [1, 7, 6, 4, 3, 5, 2]
Round 1366: [2, 6, 4, 1, 5, 7, 3]
Round 1367: [3, 5, 1, 2, 6, 7, 4]
Round 1368: [3, 2, 1, 4, 5, 7, 6]
Round 1369: [4, 2, 7, 6, 5, 3, 1]
Round 1370: [4, 7, 6, 5, 1, 3, 2]
Round 1371: [1, 7, 6, 2, 3, 4, 5]
Round 1372: [7, 4, 5, 2, 1, 3, 6]
Round 1373: [7, 3, 2, 5, 1, 6, 4]
Round 1374: [7, 1, 2, 3, 4, 5, 6]
Round 1375: [1, 3, 2, 7, 5, 6, 4]
Round 1376: [3, 4, 5, 7, 6, 1, 2]
Round 1377: [2, 4, 3, 6, 5, 7, 1]
Round 1378: [5, 1, 4, 7, 6, 2, 3]
Round 1379: [6, 1, 7, 4, 2, 3, 5]
Round 1380: [2, 1, 6, 4, 7, 3, 5]
Round 1381: [2, 3, 5, 7, 1, 4, 6]
Round 1382: [7, 2, 6, 4, 3, 5, 1]
Round 1383: [4, 1, 7, 2, 5, 3, 6]
Round 1384: [1, 5, 4, 3, 2, 6, 7]
Round 1385: [3, 1, 7, 6, 2, 5, 4]
Round 1386: [1, 4, 2, 3, 6, 7, 5]
Round 1387: [3, 5, 1, 6, 4, 7, 2]
Round 1388: [3, 5, 4, 7, 6, 2, 1]
Round 1389: [5, 3, 2, 6, 4, 1, 7]
Round 1390: [5, 7, 3, 4, 1, 6, 2]
Round 1391: [3, 2, 6, 7, 1, 4, 5]
Round 1392: [1, 6, 4, 5, 2, 3, 7]
Round 1393: [2, 5, 7, 3, 4, 6, 1]
Round 1394: [4, 7, 2, 1, 3, 5, 6]
Round 1395: [6, 1, 5, 2, 4, 3, 7]
Round 1396: [4, 5, 2, 3, 6, 7, 1]
Round 1397: [5, 3, 7, 1, 6, 4, 2]
Round 1398: [1, 2, 6, 5, 7, 3, 4]
Round 1399: [7, 4, 5, 6, 2, 3, 1]
Round 1400: [5, 1, 3, 6, 7, 2, 4]
Round 1401: [4, 5, 3, 2, 1, 6, 7]
Round 1402: [6, 5, 4, 3, 2, 1, 7]
Round 1403: [2, 3, 7, 1, 5, 6, 4]
Round 1404: [2, 1, 4, 5, 7, 3, 6]
Round 1405: [2, 7, 6, 5, 3, 1, 4]
Round 1406: [1, 4, 2, 5, 3, 7, 6]
Round 1407: [2, 7, 5, 6, 1, 3, 4]
Round 1408: [5, 4, 6, 1, 7, 2, 3]
Round 1409: [7, 6, 5, 3, 1, 4, 2]
Round 1410: [4, 2, 7, 6, 3, 5, 1]
Round 1411: [5, 6, 4, 7, 2, 3, 1]
Round 1412: [3, 7, 6, 2, 4, 1, 5]
Round 1413: [5, 1, 3, 7, 2, 4, 6]
Round 1414: [3, 5, 4, 7, 6, 1, 2]
Round 1415: [4, 1, 7, 5, 2, 6, 3]
Round 1416: [4, 6, 5, 7, 2, 1, 3]
Round 1417: [6, 7, 2, 3, 4, 1, 5]
Round 1418: [1, 6, 3, 5, 4, 7, 2]
Round 1419: [6, 5, 2, 4, 7, 1, 3]
Round 1420: [6, 2, 4, 1, 5, 3, 7]
Round 1421: [1, 2, 5, 3, 6, 7, 4]
Round 1422: [1, 7, 6, 5, 2, 3, 4]
Round 1423: [5, 2, 6, 3, 7, 4, 1]
Round 1424: [5, 2, 1, 7, 3, 4, 6]
Round 1425: [7, 5, 3, 1, 4, 6, 2]
Round 1426: [7, 4, 5, 3, 1, 6, 2]
Round 1427: [5, 1, 3, 6, 7, 2, 4]
Round 1428: [3, 4, 6, 1, 5, 7, 2]
Round 1429: [1, 7, 4, 6, 3, 5, 2]
Round 1430: [5, 2, 7, 6, 1, 3, 4]
Round 1431: [3, 6, 5, 7, 4, 2, 1]
Round 1432: [1, 6, 3, 7, 5, 2, 4]
Round 1433: [3, 1, 7, 5, 2, 4, 6]
Round 1434: [7, 1, 6, 3, 2, 4, 5]
Round 1435: [4, 6, 5, 2, 3, 7, 1]
Round 1436: [1, 7, 4, 6, 3, 2, 5]
Round 1437: [1, 5, 7, 2, 4, 6, 3]
Round 1438: [4, 5, 1, 2, 6, 7, 3]
Round 1439: [6, 1, 5, 4, 2, 3, 7]
Round 1440: [3, 4, 7, 2, 1, 5, 6]
Round 1441: [7, 6, 2, 1, 4, 3, 5]
Round 1442: [4, 2, 6, 5, 7, 3, 1]
Round 1443: [6, 5, 4, 7, 2, 3, 1]
Round 1444: [7, 2, 1, 3, 4, 6, 5]
Round 1445: [6, 4, 3, 2, 1, 7, 5]
Round 1446: [6, 5, 3, 1, 4, 7, 2]
Round 1447: [2, 6, 7, 4, 3, 5, 1]
Round 1448: [2, 7, 3, 6, 5, 4, 1]
Round 1449: [7, 2, 6, 4, 1, 5, 3]
Round 1450: [3, 1, 6, 4, 5, 2, 7]
Round 1451: [3, 6, 1, 7, 4, 2, 5]
Round 1452: [5, 1, 2, 3, 7, 6, 4]
Round 1453: [3, 7, 6, 2, 5, 4, 1]
Round 1454: [6, 4, 7, 5, 1, 3, 2]
Round 1455: [6, 2, 5, 3, 1, 4, 7]
Round 1456: [6, 1, 5, 2, 4, 3, 7]
Round 1457: [6, 4, 7, 2, 5, 3, 1]
Round 1458: [3, 4, 1, 5, 7, 6, 2]
Round 1459: [6, 3, 1, 5, 2, 4, 7]
Round 1460: [6, 2, 3, 7, 1, 4, 5]
Round 1461: [5, 3, 2, 1, 6, 7, 4]
Round 1462: [6, 4, 7, 5, 1, 3, 2]
Round 1463: [5, 4, 7, 6, 1, 3, 2]
Round 1464: [7, 4, 2, 3, 5, 6, 1]
Round 1465: [3, 4, 2, 5, 7, 6, 1]
Round 1466: [4, 6, 3, 7, 2, 1, 5]
Round 1467: [5, 3, 2, 4, 1, 7, 6]
Round 1468: [2, 7, 5, 6, 3, 1, 4]
Round 1469: [4, 5, 7, 1, 6, 3, 2]
Round 1470: [5, 2, 3, 6, 1, 7, 4]
Round 1471: [3, 5, 2, 1, 6, 4, 7]
Round 1472: [4, 5, 3, 1, 6, 7, 2]
Round 1473: [5, 4, 1, 2, 3, 7, 6]
Round 1474: [7, 4, 6, 2, 5, 3, 1]
Round 1475: [2, 7, 1, 6, 5, 4, 3]
Round 1476: [2, 1, 6, 4, 7, 3, 5]
Round 1477: [3, 5, 6, 7, 1, 2, 4]
Round 1478: [6, 4, 1, 7, 3, 2, 5]
Round 1479: [1, 5, 2, 7, 6, 4, 3]
Round 1480: [6, 5, 1, 3, 4, 2, 7]
Round 1481: [7, 1, 4, 5, 2, 3, 6]
Round 1482: [3, 6, 2, 7, 4, 1, 5]
Round 1483: [3, 6, 2, 5, 1, 4, 7]
Round 1484: [5, 3, 4, 1, 7, 2, 6]
Round 1485: [5, 2, 7, 6, 4, 1, 3]
Round 1486: [3, 7, 4, 2, 5, 1, 6]
Round 1487: [4, 6, 1, 3, 7, 5, 2]
Round 1488: [2, 3, 4, 7, 1, 6, 5]
Round 1489: [5, 1, 7, 3, 4, 2, 6]
Round 1490: [4, 1, 2, 3, 6, 5, 7]
Round 1491: [3, 2, 4, 1, 6, 5, 7]
Round 1492: [6, 1, 4, 7, 5, 3, 2]
Round 1493: [4, 7, 5, 2, 6, 3, 1]
Round 1494: [3, 7, 5, 4, 6, 1, 2]
Round 1495: [3, 7, 5, 2, 1, 4, 6]
Round 1496: [4, 6, 3, 5, 1, 7, 2]
Round 1497: [1, 4, 2, 7, 6, 3, 5]
Round 1498: [3, 4, 1, 2, 6, 7, 5]
Round 1499: [4, 1, 3, 6, 5, 7, 2]
Round 1500: [6, 3, 2, 5, 7, 4, 1]
Round 1501: [1, 7, 3, 2, 5, 4, 6]
Round 1502: [2, 6, 3, 1, 7, 4, 5]
Round 1503: [4, 3, 5, 6, 2, 7, 1]
Round 1504: [6, 1, 5, 4, 3, 7, 2]
Round 1505: [6, 3, 4, 7, 1, 5, 2]
Round 1506: [1, 6, 5, 7, 4, 2, 3]
Round 1507: [2, 7, 5, 3, 4, 1, 6]
Round 1508: [5, 4, 3, 7, 6, 1, 2]
Round 1509: [3, 6, 4, 5, 7, 2, 1]
Round 1510: [1, 2, 7, 5, 3, 6, 4]
Round 1511: [6, 3, 4, 5, 7, 2, 1]
Round 1512: [4, 5, 1, 3, 2, 6, 7]
Round 1513: [7, 5, 2, 3, 4, 6, 1]
Round 1514: [7, 2, 1, 5, 6, 3, 4]
Round 1515: [5, 1, 2, 4, 3, 6, 7]
Round 1516: [5, 3, 6, 2, 7, 1, 4]
Round 1517: [3, 6, 2, 5, 7, 1, 4]
Round 1518: [1, 3, 5, 4, 7, 6, 2]
Round 1519: [1, 2, 7, 3, 5, 6, 4]
Round 1520: [4, 7, 3, 2, 6, 1, 5]
Round 1521: [5, 2, 6, 4, 1, 7, 3]
Round 1522: [1, 2, 5, 3, 7, 6, 4]
Round 1523: [3, 2, 6, 5, 4, 1, 7]
Round 1524: [3, 7, 1, 6, 5, 4, 2]
Round 1525: [2, 6, 5, 3, 4, 7, 1]
Round 1526: [5, 4, 3, 6, 7, 2, 1]
Round 1527: [2, 1, 6, 5, 3, 4, 7]
Round 1528: [5, 7, 3, 6, 2, 1, 4]
Round 1529: [3, 5, 7, 4, 6, 1, 2]
Round 1530: [5, 7, 2, 3, 1, 6, 4]
Round 1531: [5, 7, 6, 2, 4, 3, 1]
Round 1532: [4, 3, 5, 7, 1, 2, 6]
Round 1533: [5, 6, 2, 3, 4, 1, 7]
Round 1534: [2, 5, 6, 4, 3, 1, 7]
Round 1535: [3, 6, 5, 1, 4, 7, 2]
Round 1536: [6, 2, 4, 1, 7, 3, 5]
Round 1537: [7, 3, 6, 1, 4, 2, 5]
Round 1538: [4, 6, 2, 7, 1, 3, 5]
Round 1539: [1, 3, 5, 2, 7, 6, 4]
Round 1540: [7, 5, 6, 1, 4, 3, 2]
Round 1541: [3, 7, 6, 1, 2, 4, 5]
Round 1542: [5, 7, 6, 1, 2, 4, 3]
Round 1543: [5, 1, 4, 3, 6, 2, 7]
Round 1544: [7, 6, 1, 5, 3, 2, 4]
Round 1545: [1, 2, 5, 4, 3, 6, 7]
Round 1546: [2, 6, 1, 4, 7, 3, 5]
Round 1547: [3, 4, 7, 1, 5, 6, 2]
Round 1548: [6, 2, 7, 3, 5, 4, 1]
Round 1549: [2, 3, 1, 6, 4, 5, 7]
Round 1550: [5, 2, 6, 1, 4, 3, 7]
Round 1551: [2, 1, 5, 3, 7, 4, 6]
Round 1552: [5, 2, 7, 4, 1, 6, 3]
Round 1553: [6, 2, 1, 4, 3, 7, 5]
Round 1554: [4, 1, 3, 2, 5, 6, 7]
Round 1555: [1, 4, 6, 2, 3, 7, 5]
Round 1556: [3, 6, 7, 5, 1, 4, 2]
Round 1557: [7, 5, 2, 1, 4, 6, 3]
Round 1558: [2, 7, 6, 5, 4, 3, 1]
Round 1559: [2, 4, 3, 1, 6, 7, 5]
Round 1560: [6, 5, 1, 7, 3, 4, 2]
Round 1561: [3, 5, 6, 7, 1, 4, 2]
Round 1562: [5, 4, 1, 2, 7, 3, 6]
Round 1563: [6, 1, 3, 4, 7, 2, 5]
Round 1564: [4, 3, 6, 2, 7, 1, 5]
Round 1565: [2, 6, 5, 4, 3, 1, 7]
Round 1566: [2, 3, 6, 4, 1, 7, 5]
Round 1567: [5, 2, 1, 6, 7, 4, 3]
Round 1568: [1, 7, 5, 6, 4, 3, 2]
Round 1569: [3, 6, 4, 5, 2, 1, 7]
Round 1570: [2, 3, 6, 5, 4, 1, 7]
Round 1571: [6, 3, 1, 7, 2, 5, 4]
Round 1572: [7, 6, 3, 1, 2, 4, 5]
Round 1573: [4, 5, 1, 3, 2, 7, 6]
Round 1574: [5, 2, 6, 3, 7, 1, 4]
Round 1575: [5, 6, 4, 2, 3, 1, 7]
Round 1576: [1, 6, 4, 3, 5, 2, 7]
Round 1577: [2, 3, 1, 5, 6, 4, 7]
Round 1578: [7, 4, 3, 1, 6, 2, 5]
Round 1579: [1, 2, 7, 6, 5, 3, 4]
Round 1580: [2, 7, 6, 1, 4, 5, 3]
Round 1581: [2, 7, 3, 6, 5, 1, 4]
Round 1582: [5, 3, 4, 6, 7, 1, 2]
Round 1583: [4, 2, 7, 3, 5, 1, 6]
Round 1584: [5, 1, 2, 3, 6, 4, 7]
Round 1585: [3, 4, 1, 6, 5, 2, 7]
Round 1586: [5, 6, 2, 4, 1, 7, 3]
Round 1587: [3, 7, 2, 1, 4, 5, 6]
Round 1588: [7, 4, 2, 5, 6, 3, 1]
Round 1589: [1, 3, 5, 4, 2, 7, 6]
Round 1590: [4, 5, 7, 3, 1, 6, 2]
Round 1591: [2, 6, 5, 3, 7, 1, 4]
Round 1592: [7, 4, 6, 2, 1, 5, 3]
Round 1593: [6, 1, 2, 3, 7, 5, 4]
Round 1594: [4, 2, 7, 3, 1, 5, 6]
Round 1595: [6, 4, 2, 7, 1, 5, 3]
Round 1596: [4, 6, 5, 1, 7, 2, 3]
Round 1597: [4, 6, 2, 3, 7, 5, 1]
Round 1598: [1, 4, 3, 7, 6, 5, 2]
Round 1599: [2, 6, 7, 3, 4, 5, 1]
Round 1600: [3, 6, 4, 1, 5, 2, 7]
Round 1601: [6, 1, 7, 2, 4, 5, 3]
Round 1602: [2, 3, 6, 7, 4, 5, 1]
Round 1603: [7, 3, 5, 2, 4, 6, 1]
Round 1604: [6, 2, 3, 1, 5, 7, 4]
Round 1605: [2, 7, 6, 1, 3, 4, 5]
Round 1606: [3, 1, 6, 4, 7, 5, 2]
Round 1607: [1, 7, 3, 4, 5, 6, 2]
Round 1608: [6, 1, 4, 5, 7, 3, 2]
Round 1609: [5, 7, 6, 3, 4, 1, 2]
Round 1610: [2, 6, 7, 1, 4, 5, 3]
Round 1611: [2, 6, 7, 3, 5, 1, 4]
Round 1612: [1, 3, 4, 6, 7, 2, 5]
Round 1613: [1, 6, 7, 5, 2, 3, 4]
Round 1614: [2, 6, 3, 5, 7, 4, 1]
Round 1615: [1, 4, 7, 5, 2, 6, 3]
Round 1616: [5, 1, 2, 6, 4, 3, 7]
Round 1617: [5, 6, 3, 2, 1, 4, 7]
Round 1618: [6, 5, 1, 4, 2, 7, 3]
Round 1619: [2, 4, 7, 1, 5, 3, 6]
Round 1620: [5, 6, 4, 3, 1, 2, 7]
Round 1621: [3, 5, 1, 2, 7, 4, 6]
Round 1622: [1, 2, 4, 3, 7, 5, 6]
Round 1623: [2, 4, 3, 5, 7, 1, 6]
Round 1624: [2, 7, 1, 6, 4, 5, 3]
Round 1625: [1, 3, 6, 7, 5, 2, 4]
Round 1626: [1, 2, 3, 5, 7, 6, 4]
Round 1627: [6, 5, 7, 2, 1, 3, 4]
Round 1628: [1, 6, 2, 4, 7, 5, 3]
Round 1629: [4, 3, 1, 6, 5, 2, 7]
Round 1630: [4, 5, 3, 2, 6, 7, 1]
Round 1631: [3, 1, 4, 6, 7, 5, 2]
Round 1632: [2, 3, 5, 6, 1, 7, 4]
Round 1633: [6, 2, 5, 7, 4, 1, 3]
Round 1634: [4, 7, 5, 1, 6, 2, 3]
Round 1635: [6, 3, 7, 1, 2, 5, 4]
Round 1636: [1, 4, 3, 5, 6, 7, 2]
Round 1637: [4, 5, 1, 2, 6, 3, 7]
Round 1638: [4, 3, 2, 5, 6, 7, 1]
Round 1639: [5, 7, 4, 6, 3, 2, 1]
Round 1640: [7, 6, 1, 2, 4, 3, 5]
Round 1641: [7, 2, 6, 5, 1, 4, 3]
Round 1642: [4, 6, 5, 2, 1, 7, 3]
Round 1643: [6, 3, 7, 1, 2, 4, 5]
Round 1644: [1, 3, 2, 7, 5, 6, 4]
Round 1645: [2, 7, 5, 4, 1, 6, 3]
Round 1646: [2, 5, 4, 3, 6, 7, 1]
Round 1647: [3, 4, 1, 7, 5, 2, 6]
Round 1648: [6, 4, 2, 3, 7, 1, 5]
Round 1649: [3, 1, 4, 7, 6, 5, 2]
Round 1650: [4, 2, 7, 1, 3, 6, 5]
Round 1651: [1, 6, 3, 2, 4, 5, 7]
Round 1652: [1, 3, 5, 7, 2, 4, 6]
Round 1653: [1, 4, 7, 5, 2, 3, 6]
Round 1654: [4, 3, 7, 1, 5, 6, 2]
Round 1655: [4, 2, 3, 5, 6, 1, 7]
Round 1656: [3, 6, 7, 5, 2, 4, 1]
Round 1657: [6, 2, 3, 4, 7, 1, 5]
Round 1658: [3, 1, 5, 7, 4, 6, 2]
Round 1659: [3, 4, 7, 5, 2, 1, 6]
Round 1660: [7, 6, 2, 4, 3, 5, 1]
Round 1661: [3, 2, 1, 5, 4, 6, 7]
Round 1662: [6, 2, 7, 5, 3, 1, 4]
Round 1663: [4, 3, 7, 1, 2, 5, 6]
Round 1664: [2, 7, 5, 3, 4, 6, 1]
Round 1665: [3, 2, 7, 1, 4, 5, 6]
Round 1666: [1, 4, 3, 7, 6, 5, 2]
Round 1667: [5, 2, 6, 7, 4, 1, 3]
Round 1668: [5, 6, 3, 4, 1, 2, 7]
Round 1669: [1, 2, 4, 7, 5, 6, 3]
Round 1670: [2, 4, 3, 1, 6, 7, 5]
Round 1671: [1, 7, 3, 5, 4, 6, 2]
Round 1672: [2, 5, 7, 6, 4, 3, 1]
Round 1673: [7, 1, 4, 6, 3, 2, 5]
Round 1674: [1, 4, 2, 5, 7, 3, 6]
Round 1675: [5, 7, 1, 6, 2, 4, 3]
Round 1676: [5, 3, 7, 4, 6, 1, 2]
Round 1677: [2, 5, 6, 1, 7, 3, 4]
Round 1678: [1, 7, 4, 2, 5, 6, 3]
Round 1679: [3, 7, 6, 4, 1, 5, 2]
Round 1680: [7, 6, 3, 5, 4, 2, 1]
Round 1681: [6, 2, 4, 7, 1, 5, 3]
Round 1682: [3, 7, 4, 6, 5, 1, 2]
Round 1683: [1, 6, 4, 5, 7, 3, 2]
Round 1684: [4, 6, 2, 3, 7, 5, 1]
Round 1685: [7, 2, 5, 6, 3, 1, 4]
Round 1686: [1, 2, 4, 3, 5, 6, 7]
Round 1687: [2, 7, 5, 6, 3, 1, 4]
Round 1688: [2, 4, 7, 6, 1, 3, 5]
Round 1689: [3, 5, 6, 7, 2, 4, 1]
Round 1690: [2, 1, 5, 6, 4, 3, 7]
Round 1691: [6, 3, 2, 5, 7, 1, 4]
Round 1692: [5, 3, 1, 4, 6, 2, 7]
Round 1693: [2, 6, 5, 3, 1, 4, 7]
Round 1694: [1, 2, 5, 3, 6, 7, 4]
Round 1695: [7, 2, 6, 1, 4, 5, 3]
Round 1696: [6, 1, 5, 7, 4, 3, 2]
Round 1697: [3, 1, 2, 6, 5, 7, 4]
Round 1698: [1, 4, 2, 3, 5, 6, 7]
Round 1699: [5, 7, 2, 1, 3, 6, 4]
Round 1700: [6, 1, 3, 7, 2, 5, 4]
Round 1701: [1, 5, 6, 3, 7, 4, 2]
Round 1702: [1, 2, 6, 5, 4, 3, 7]
Round 1703: [4, 1, 3, 5, 2, 6, 7]
Round 1704: [1, 2, 3, 4, 5, 6, 7]
