Initial order: [2, 3, 5, 6, 1, 4, 7]
=== Shuffle to increasing order ===
Round 1: [2, 6, 4, 5, 7, 1, 3]
Round 2: [6, 5, 4, 2, 7, 1, 3]
Round 3: [6, 7, 1, 2, 3, 4, 5]
Round 4: [2, 4, 7, 3, 6, 5, 1]
Round 5: [1, 3, 6, 4, 5, 7, 2]
Round 6: [4, 3, 7, 2, 6, 5, 1]
Round 7: [1, 2, 5, 6, 3, 4, 7]
Round 8: [1, 2, 7, 4, 6, 5, 3]
Round 9: [2, 3, 4, 1, 7, 5, 6]
Round 10: [6, 2, 5, 7, 4, 1, 3]
Round 11: [6, 4, 1, 2, 5, 3, 7]
Round 12: [5, 1, 6, 2, 3, 4, 7]
Round 13: [6, 5, 4, 3, 2, 7, 1]
Round 14: [4, 6, 1, 5, 2, 7, 3]
Round 15: [3, 5, 1, 7, 2, 4, 6]
Round 16: [3, 5, 2, 1, 7, 6, 4]
Round 17: [5, 3, 6, 7, 1, 2, 4]
Round 18: [6, 1, 2, 7, 3, 4, 5]
Round 19: [2, 1, 7, 3, 4, 6, 5]
Round 20: [4, 3, 6, 1, 5, 2, 7]
Round 21: [2, 7, 1, 5, 6, 4, 3]
Round 22: [6, 3, 5, 2, 4, 7, 1]
Round 23: [1, 3, 7, 5, 6, 2, 4]
Round 24: [5, 7, 6, 3, 4, 2, 1]
Round 25: [6, 7, 4, 5, 2, 3, 1]
Round 26: [5, 3, 7, 1, 4, 2, 6]
Round 27: [4, 7, 3, 1, 2, 6, 5]
Round 28: [3, 4, 7, 5, 2, 1, 6]
Round 29: [5, 1, 6, 3, 4, 2, 7]
Round 30: [6, 2, 4, 7, 1, 3, 5]
Round 31: [6, 7, 5, 4, 2, 3, 1]
Round 32: [1, 3, 6, 5, 7, 4, 2]
Round 33: [6, 4, 7, 3, 1, 5, 2]
Round 34: [4, 6, 2, 1, 7, 5, 3]
Round 35: [1, 5, 7, 4, 3, 2, 6]
Round 36: [6, 3, 7, 5, 2, 4, 1]
Round 37: [6, 4, 5, 7, 3, 2, 1]
Round 38: [1, 2, 6, 5, 4, 3, 7]
Round 39: [2, 5, 4, 3, 1, 7, 6]
Round 40: [5, 7, 2, 6, 1, 3, 4]
Round 41: [4, 1, 2, 7, 3, 5, 6]
Round 42: [2, 4, 7, 6, 1, 5, 3]
Round 43: [1, 7, 5, 2, 4, 6, 3]
Round 44: [4, 5, 7, 3, 2, 1, 6]
Round 45: [1, 7, 2, 4, 6, 5, 3]
Round 46: [3, 7, 5, 1, 6, 4, 2]
Round 47: [1, 4, 6, 7, 2, 5, 3]
Round 48: [4, 6, 5, 3, 7, 2, 1]
Round 49: [7, 3, 2, 4, 1, 5, 6]
Round 50: [6, 2, 5, 1, 7, 3, 4]
Round 51: [6, 3, 4, 7, 5, 2, 1]
Round 52: [1, 7, 5, 4, 6, 2, 3]
Round 53: [7, 4, 1, 2, 5, 6, 3]
Round 54: [7, 2, 6, 3, 4, 1, 5]
Round 55: [1, 6, 4, 3, 7, 5, 2]
Round 56: [2, 1, 5, 7, 4, 3, 6]
Round 57: [1, 2, 5, 4, 7, 3, 6]
Round 58: [1, 7, 4, 6, 3, 5, 2]
Round 59: [1, 7, 4, 2, 6, 5, 3]
Round 60: [5, 6, 4, 2, 7, 3, 1]
Round 61: [1, 5, 3, 2, 7, 6, 4]
Round 62: [2, 7, 4, 3, 6, 5, 1]
Round 63: [3, 5, 7, 2, 4, 6, 1]
Round 64: [3, 7, 6, 1, 4, 5, 2]
Round 65: [1, 7, 5, 6, 4, 2, 3]
Round 66: [1, 4, 6, 5, 3, 7, 2]
Round 67: [7, 4, 5, 1, 3, 2, 6]
Round 68: [1, 5, 3, 4, 2, 7, 6]
Round 69: [2, 5, 7, 4, 6, 3, 1]
Round 70: [4, 6, 7, 3, 5, 1, 2]
Round 71: [4, 7, 6, 3, 2, 1, 5]
Round 72: [6, 4, 2, 5, 1, 3, 7]
Round 73: [7, 2, 3, 6, 1, 5, 4]
Round 74: [6, 4, 3, 5, 7, 2, 1]
Round 75: [2, 3, 1, 6, 5, 7, 4]
Round 76: [5, 2, 1, 4, 7, 3, 6]
Round 77: [2, 6, 3, 7, 4, 5, 1]
Round 78: [6, 2, 5, 3, 7, 4, 1]
Round 79: [2, 3, 1, 5, 6, 7, 4]
Round 80: [5, 6, 1, 7, 3, 4, 2]
Round 81: [5, 3, 4, 7, 6, 1, 2]
Round 82: [6, 5, 1, 3, 7, 2, 4]
Round 83: [6, 2, 3, 5, 7, 4, 1]
Round 84: [7, 6, 2, 4, 5, 1, 3]
Round 85: [1, 6, 2, 5, 3, 7, 4]
Round 86: [1, 5, 7, 4, 2, 3, 6]
Round 87: [7, 5, 2, 4, 6, 3, 1]
Round 88: [2, 1, 3, 6, 7, 5, 4]
Round 89: [7, 4, 3, 1, 5, 6, 2]
Round 90: [5, 3, 1, 6, 4, 7, 2]
Round 91: [6, 5, 4, 1, 7, 3, 2]
Round 92: [4, 6, 3, 2, 7, 5, 1]
Round 93: [1, 6, 4, 2, 3, 7, 5]
Round 94: [1, 5, 3, 7, 4, 2, 6]
Round 95: [1, 4, 2, 3, 5, 6, 7]
Round 96: [3, 4, 1, 2, 7, 5, 6]
Round 97: [3, 4, 1, 7, 2, 6, 5]
Round 98: [7, 4, 6, 1, 2, 5, 3]
Round 99: [2, 3, 7, 4, 5, 6, 1]
Round 100: [3, 1, 6, 2, 4, 5, 7]
Round 101: [1, 4, 5, 7, 2, 3, 6]
Round 102: [2, 6, 5, 7, 3, 4, 1]
Round 103: [7, 4, 6, 1, 3, 2, 5]
Round 104: [7, 3, 6, 5, 2, 4, 1]
Round 105: [4, 2, 5, 6, 7, 1, 3]
Round 106: [3, 4, 2, 7, 6, 5, 1]
Round 107: [4, 3, 2, 7, 6, 1, 5]
Round 108: [1, 2, 6, 3, 4, 5, 7]
Round 109: [1, 3, 7, 5, 2, 4, 6]
Round 110: [6, 1, 7, 2, 5, 4, 3]
Round 111: [2, 5, 1, 6, 3, 4, 7]
Round 112: [5, 7, 1, 4, 2, 3, 6]
Round 113: [7, 4, 1, 3, 5, 2, 6]
Round 114: [2, 5, 3, 7, 1, 4, 6]
Round 115: [4, 5, 7, 1, 3, 2, 6]
Round 116: [5, 7, 1, 3, 4, 2, 6]
Round 117: [3, 7, 2, 6, 1, 5, 4]
Round 118: [4, 7, 1, 2, 5, 3, 6]
Round 119: [2, 4, 1, 6, 3, 5, 7]
Round 120: [7, 2, 5, 3, 6, 4, 1]
Round 121: [2, 4, 7, 3, 1, 6, 5]
Round 122: [1, 5, 6, 3, 7, 2, 4]
Round 123: [7, 4, 2, 5, 6, 3, 1]
Round 124: [7, 5, 6, 3, 1, 2, 4]
Round 125: [3, 7, 4, 2, 6, 5, 1]
Round 126: [2, 7, 4, 3, 5, 1, 6]
Round 127: [2, 5, 6, 3, 4, 7, 1]
Round 128: [6, 2, 7, 5, 3, 1, 4]
Round 129: [3, 2, 4, 1, 7, 5, 6]
Round 130: [1, 5, 7, 4, 6, 2, 3]
Round 131: [7, 5, 3, 2, 4, 6, 1]
Round 132: [1, 4, 5, 7, 2, 6, 3]
Round 133: [3, 6, 5, 4, 7, 1, 2]
Round 134: [3, 6, 1, 7, 5, 2, 4]
Round 135: [5, 2, 3, 1, 4, 7, 6]
Round 136: [4, 2, 6, 5, 7, 3, 1]
Round 137: [3, 1, 2, 6, 4, 5, 7]
Round 138: [5, 1, 7, 2, 4, 3, 6]
Round 139: [6, 7, 5, 4, 2, 3, 1]
Round 140: [1, 6, 4, 3, 5, 2, 7]
Round 141: [3, 7, 6, 4, 1, 2, 5]
Round 142: [1, 7, 6, 3, 4, 2, 5]
Round 143: [6, 7, 1, 3, 4, 5, 2]
Round 144: [1, 5, 4, 6, 2, 7, 3]
Round 145: [2, 4, 6, 1, 7, 5, 3]
Round 146: [2, 5, 4, 7, 3, 6, 1]
Round 147: [2, 7, 3, 4, 6, 5, 1]
Round 148: [4, 1, 7, 3, 6, 5, 2]
Round 149: [1, 2, 4, 3, 7, 5, 6]
Round 150: [5, 3, 6, 7, 2, 1, 4]
Round 151: [2, 1, 6, 4, 5, 7, 3]
Round 152: [7, 1, 3, 2, 5, 4, 6]
Round 153: [4, 2, 5, 6, 1, 3, 7]
Round 154: [6, 7, 1, 2, 3, 5, 4]
Round 155: [3, 7, 5, 6, 4, 2, 1]
Round 156: [3, 5, 2, 6, 4, 1, 7]
Round 157: [7, 2, 1, 6, 4, 3, 5]
Round 158: [7, 3, 5, 6, 2, 4, 1]
Round 159: [5, 4, 2, 1, 3, 6, 7]
Round 160: [4, 7, 6, 1, 2, 3, 5]
Round 161: [5, 1, 7, 2, 3, 4, 6]
Round 162: [1, 2, 6, 5, 3, 7, 4]
Round 163: [3, 2, 4, 5, 1, 6, 7]
Round 164: [6, 4, 1, 3, 7, 5, 2]
Round 165: [1, 2, 7, 6, 5, 3, 4]
Round 166: [5, 3, 7, 1, 4, 6, 2]
Round 167: [2, 6, 5, 7, 1, 4, 3]
Round 168: [4, 3, 1, 7, 5, 6, 2]
Round 169: [1, 6, 2, 5, 4, 3, 7]
Round 170: [2, 1, 6, 3, 7, 5, 4]
Round 171: [6, 4, 5, 3, 7, 1, 2]
Round 172: [7, 4, 3, 1, 5, 2, 6]
Round 173: [5, 4, 3, 2, 6, 1, 7]
Round 174: [3, 1, 2, 7, 6, 4, 5]
Round 175: [3, 1, 5, 4, 7, 2, 6]
Round 176: [3, 7, 5, 6, 1, 4, 2]
Round 177: [5, 2, 6, 1, 7, 4, 3]
Round 178: [4, 6, 3, 7, 5, 2, 1]
Round 179: [7, 5, 2, 3, 6, 4, 1]
Round 180: [5, 6, 2, 4, 3, 1, 7]
Round 181: [1, 5, 2, 6, 7, 3, 4]
Round 182: [7, 3, 6, 4, 5, 2, 1]
Round 183: [1, 2, 7, 4, 5, 3, 6]
Round 184: [6, 4, 2, 5, 3, 7, 1]
Round 185: [4, 7, 5, 6, 2, 1, 3]
Round 186: [1, 6, 4, 7, 5, 2, 3]
Round 187: [4, 7, 5, 3, 2, 6, 1]
Round 188: [2, 7, 5, 3, 6, 1, 4]
Round 189: [7, 1, 6, 5, 3, 2, 4]
Round 190: [6, 4, 5, 2, 1, 7, 3]
Round 191: [2, 7, 4, 3, 1, 6, 5]
Round 192: [1, 5, 4, 3, 6, 2, 7]
Round 193: [7, 5, 6, 1, 4, 2, 3]
Round 194: [2, 5, 4, 6, 7, 1, 3]
Round 195: [2, 6, 5, 3, 4, 7, 1]
Round 196: [3, 7, 2, 4, 1, 6, 5]
Round 197: [5, 2, 1, 4, 6, 3, 7]
Round 198: [5, 3, 4, 1, 6, 2, 7]
Round 199: [7, 3, 1, 2, 4, 5, 6]
Round 200: [2, 5, 3, 1, 6, 7, 4]
Round 201: [5, 2, 4, 6, 1, 3, 7]
Round 202: [3, 2, 6, 1, 4, 5, 7]
Round 203: [5, 3, 7, 6, 1, 2, 4]
Round 204: [1, 5, 6, 7, 4, 3, 2]
Round 205: [4, 6, 5, 2, 7, 1, 3]
Round 206: [6, 4, 2, 3, 7, 5, 1]
Round 207: [1, 4, 7, 6, 2, 5, 3]
Round 208: [4, 6, 1, 3, 7, 2, 5]
Round 209: [5, 6, 1, 4, 2, 3, 7]
Round 210: [5, 1, 3, 2, 6, 7, 4]
Round 211: [7, 4, 2, 6, 1, 3, 5]
Round 212: [1, 5, 3, 6, 4, 2, 7]
Round 213: [1, 3, 5, 7, 2, 6, 4]
Round 214: [1, 2, 7, 4, 5, 3, 6]
Round 215: [3, 1, 2, 6, 7, 4, 5]
Round 216: [7, 4, 2, 6, 5, 1, 3]
Round 217: [5, 1, 6, 2, 4, 3, 7]
Round 218: [2, 4, 7, 5, 3, 1, 6]
Round 219: [5, 3, 2, 7, 1, 4, 6]
Round 220: [2, 1, 3, 5, 4, 6, 7]
Round 221: [5, 7, 1, 6, 4, 2, 3]
Round 222: [6, 2, 7, 1, 5, 4, 3]
Round 223: [1, 3, 6, 2, 4, 7, 5]
Round 224: [4, 3, 6, 1, 5, 2, 7]
Round 225: [6, 2, 3, 7, 4, 5, 1]
Round 226: [6, 2, 3, 5, 1, 4, 7]
Round 227: [5, 2, 4, 3, 1, 7, 6]
Round 228: [7, 6, 5, 4, 1, 2, 3]
Round 229: [2, 4, 5, 3, 1, 7, 6]
Round 230: [1, 2, 7, 3, 5, 4, 6]
Round 231: [7, 1, 3, 6, 2, 4, 5]
Round 232: [6, 5, 4, 3, 7, 2, 1]
Round 233: [6, 4, 7, 2, 1, 3, 5]
Round 234: [7, 4, 6, 2, 5, 3, 1]
Round 235: [5, 1, 4, 2, 3, 7, 6]
Round 236: [6, 2, 7, 5, 1, 3, 4]
Round 237: [2, 1, 7, 3, 5, 6, 4]
Round 238: [2, 3, 6, 7, 1, 4, 5]
Round 239: [1, 2, 3, 6, 5, 7, 4]
Round 240: [4, 3, 7, 6, 1, 5, 2]
Round 241: [1, 7, 3, 6, 5, 2, 4]
Round 242: [5, 6, 2, 7, 4, 1, 3]
Round 243: [2, 3, 6, 5, 1, 4, 7]
Round 244: [7, 6, 5, 2, 3, 4, 1]
Round 245: [5, 7, 3, 2, 4, 1, 6]
Round 246: [1, 5, 4, 6, 2, 3, 7]
Round 247: [1, 3, 7, 5, 4, 2, 6]
Round 248: [4, 1, 2, 7, 3, 6, 5]
Round 249: [3, 6, 4, 5, 2, 7, 1]
Round 250: [7, 6, 2, 1, 5, 4, 3]
Round 251: [7, 2, 1, 6, 4, 3, 5]
Round 252: [2, 5, 4, 3, 6, 7, 1]
Round 253: [1, 4, 7, 6, 3, 5, 2]
Round 254: [2, 5, 6, 7, 3, 1, 4]
Round 255: [4, 6, 1, 5, 7, 3, 2]
Round 256: [2, 7, 3, 5, 4, 1, 6]
Round 257: [5, 4, 7, 1, 6, 2, 3]
Round 258: [1, 5, 4, 6, 3, 2, 7]
Round 259: [4, 2, 6, 7, 5, 3, 1]
Round 260: [4, 5, 2, 3, 1, 6, 7]
Round 261: [5, 1, 6, 2, 7, 4, 3]
Round 262: [4, 2, 1, 6, 3, 5, 7]
Round 263: [5, 6, 3, 4, 2, 1, 7]
Round 264: [2, 4, 1, 5, 6, 7, 3]
Round 265: [2, 3, 7, 5, 6, 1, 4]
Round 266: [1, 2, 6, 3, 4, 5, 7]
Round 267: [1, 5, 2, 6, 7, 3, 4]
Round 268: [7, 6, 2, 3, 5, 1, 4]
Round 269: [2, 7, 6, 5, 3, 4, 1]
Round 270: [3, 7, 6, 5, 4, 2, 1]
Round 271: [2, 6, 4, 1, 5, 7, 3]
Round 272: [3, 5, 1, 4, 2, 7, 6]
Round 273: [4, 2, 3, 7, 6, 1, 5]
Round 274: [3, 6, 2, 5, 4, 1, 7]
Round 275: [6, 7, 2, 5, 1, 3, 4]
Round 276: [3, 2, 7, 5, 1, 6, 4]
Round 277: [5, 3, 4, 2, 7, 6, 1]
Round 278: [1, 3, 5, 7, 2, 4, 6]
Round 279: [1, 4, 2, 3, 5, 7, 6]
Round 280: [7, 2, 4, 5, 3, 6, 1]
Round 281: [6, 7, 4, 1, 2, 3, 5]
Round 282: [1, 7, 6, 5, 3, 2, 4]
Round 283: [1, 4, 7, 5, 3, 2, 6]
Round 284: [7, 1, 6, 4, 2, 5, 3]
Round 285: [2, 3, 4, 6, 7, 1, 5]
Round 286: [4, 7, 3, 1, 5, 2, 6]
Round 287: [7, 3, 4, 5, 2, 1, 6]
Round 288: [4, 2, 5, 3, 6, 1, 7]
Round 289: [3, 1, 5, 2, 7, 4, 6]
Round 290: [2, 7, 4, 3, 6, 5, 1]
Round 291: [2, 4, 7, 3, 5, 6, 1]
Round 292: [4, 3, 1, 6, 7, 5, 2]
Round 293: [6, 2, 3, 4, 7, 1, 5]
Round 294: [4, 7, 3, 2, 6, 1, 5]
Round 295: [5, 4, 1, 2, 7, 6, 3]
Round 296: [1, 3, 5, 6, 4, 2, 7]
Round 297: [3, 5, 1, 6, 7, 2, 4]
Round 298: [5, 6, 3, 7, 2, 4, 1]
Round 299: [3, 2, 4, 5, 7, 6, 1]
Round 300: [1, 7, 4, 5, 3, 6, 2]
Round 301: [7, 5, 2, 6, 4, 3, 1]
Round 302: [7, 6, 4, 3, 5, 1, 2]
Round 303: [2, 1, 7, 6, 3, 4, 5]
Round 304: [4, 1, 2, 3, 6, 5, 7]
Round 305: [7, 3, 6, 5, 2, 1, 4]
Round 306: [4, 7, 1, 6, 5, 2, 3]
Round 307: [1, 4, 7, 3, 6, 5, 2]
Round 308: [3, 2, 4, 7, 5, 1, 6]
Round 309: [7, 2, 4, 3, 1, 5, 6]
Round 310: [6, 2, 7, 3, 5, 4, 1]
Round 311: [6, 4, 3, 5, 2, 7, 1]
Round 312: [5, 1, 6, 2, 4, 3, 7]
Round 313: [7, 1, 5, 3, 6, 4, 2]
Round 314: [3, 1, 4, 2, 7, 5, 6]
Round 315: [6, 4, 1, 2, 7, 5, 3]
Round 316: [4, 7, 6, 5, 2, 1, 3]
Round 317: [1, 7, 3, 6, 5, 4, 2]
Round 318: [4, 5, 2, 7, 6, 3, 1]
Round 319: [2, 4, 7, 3, 5, 1, 6]
Round 320: [1, 6, 4, 2, 3, 7, 5]
Round 321: [2, 6, 7, 1, 4, 3, 5]
Round 322: [7, 2, 6, 4, 3, 5, 1]
Round 323: [7, 2, 5, 4, 1, 3, 6]
Round 324: [1, 3, 6, 7, 5, 2, 4]
Round 325: [2, 3, 1, 4, 7, 6, 5]
Round 326: [5, 6, 3, 2, 1, 7, 4]
Round 327: [4, 5, 6, 7, 1, 2, 3]
Round 328: [4, 1, 6, 2, 5, 7, 3]
Round 329: [7, 6, 1, 3, 4, 2, 5]
Round 330: [2, 3, 4, 6, 5, 7, 1]
Round 331: [7, 5, 4, 6, 1, 2, 3]
Round 332: [7, 2, 4, 3, 5, 1, 6]
Round 333: [1, 6, 5, 3, 2, 7, 4]
Round 334: [3, 2, 6, 5, 1, 7, 4]
Round 335: [4, 1, 5, 7, 2, 6, 3]
Round 336: [2, 6, 5, 4, 1, 7, 3]
Round 337: [1, 4, 6, 7, 5, 3, 2]
Round 338: [1, 2, 3, 6, 7, 5, 4]
Round 339: [7, 3, 6, 4, 1, 2, 5]
Round 340: [6, 3, 2, 5, 7, 1, 4]
Round 341: [6, 7, 1, 3, 4, 2, 5]
Round 342: [3, 4, 5, 2, 1, 6, 7]
Round 343: [4, 3, 1, 2, 5, 7, 6]
Round 344: [5, 2, 3, 4, 7, 6, 1]
Round 345: [3, 6, 5, 2, 1, 4, 7]
Round 346: [5, 2, 4, 6, 1, 3, 7]
Round 347: [5, 6, 4, 1, 3, 7, 2]
Round 348: [2, 6, 5, 3, 4, 1, 7]
Round 349: [1, 4, 5, 7, 2, 6, 3]
Round 350: [5, 2, 1, 3, 6, 7, 4]
Round 351: [2, 1, 3, 6, 4, 5, 7]
Round 352: [1, 6, 7, 4, 5, 3, 2]
Round 353: [1, 4, 7, 2, 5, 3, 6]
Round 354: [7, 1, 5, 2, 4, 3, 6]
Round 355: [6, 5, 7, 1, 4, 2, 3]
Round 356: [1, 4, 7, 5, 6, 2, 3]
Round 357: [1, 7, 5, 3, 2, 4, 6]
Round 358: [3, 4, 5, 6, 1, 7, 2]
Round 359: [4, 3, 5, 2, 1, 7, 6]
Round 360: [3, 6, 1, 7, 5, 2, 4]
Round 361: [2, 5, 6, 4, 3, 1, 7]
Round 362: [2, 4, 3, 1, 6, 7, 5]
Round 363: [7, 3, 2, 1, 4, 6, 5]
Round 364: [1, 6, 2, 4, 5, 3, 7]
Round 365: [7, 1, 3, 2, 5, 6, 4]
Round 366: [7, 1, 3, 6, 2, 4, 5]
Round 367: [5, 3, 2, 6, 1, 7, 4]
Round 368: [4, 5, 1, 2, 7, 6, 3]
Round 369: [6, 7, 3, 4, 5, 1, 2]
Round 370: [7, 2, 5, 1, 6, 4, 3]
Round 371: [3, 1, 2, 4, 5, 6, 7]
Round 372: [6, 3, 5, 4, 7, 1, 2]
Round 373: [2, 3, 6, 4, 5, 1, 7]
Round 374: [3, 5, 6, 7, 4, 1, 2]
Round 375: [4, 6, 7, 3, 2, 5, 1]
Round 376: [1, 3, 6, 5, 4, 2, 7]
Round 377: [2, 5, 1, 7, 3, 4, 6]
Round 378: [7, 5, 3, 4, 2, 1, 6]
Round 379: [2, 5, 3, 6, 7, 4, 1]
Round 380: [5, 2, 7, 6, 3, 4, 1]
Round 381: [5, 7, 1, 6, 4, 2, 3]
Round 382: [4, 2, 1, 3, 5, 6, 7]
Round 383: [1, 5, 4, 7, 2, 6, 3]
Round 384: [2, 5, 7, 6, 1, 4, 3]
Round 385: [3, 1, 2, 6, 7, 4, 5]
Round 386: [1, 5, 4, 7, 2, 3, 6]
Round 387: [5, 2, 6, 7, 3, 4, 1]
Round 388: [6, 7, 3, 5, 4, 2, 1]
Round 389: [3, 2, 1, 6, 4, 7, 5]
Round 390: [4, 2, 6, 3, 5, 1, 7]
Round 391: [3, 6, 4, 5, 2, 7, 1]
Round 392: [2, 7, 6, 4, 3, 1, 5]
Round 393: [3, 1, 7, 5, 6, 2, 4]
Round 394: [7, 1, 4, 5, 6, 2, 3]
Round 395: [2, 7, 6, 1, 5, 4, 3]
Round 396: [6, 5, 7, 2, 4, 1, 3]
Round 397: [2, 3, 4, 5, 6, 7, 1]
Round 398: [5, 1, 6, 2, 3, 7, 4]
Round 399: [2, 1, 7, 4, 5, 6, 3]
Round 400: [5, 7, 1, 3, 4, 2, 6]
Round 401: [3, 2, 6, 7, 1, 4, 5]
Round 402: [6, 7, 3, 5, 4, 2, 1]
Round 403: [1, 4, 5, 3, 2, 6, 7]
Round 404: [1, 2, 7, 6, 5, 3, 4]
Round 405: [4, 5, 3, 7, 2, 1, 6]
Round 406: [1, 3, 5, 4, 2, 7, 6]
Round 407: [5, 1, 3, 7, 4, 2, 6]
Round 408: [1, 2, 7, 4, 3, 5, 6]
Round 409: [7, 2, 5, 3, 4, 1, 6]
Round 410: [1, 3, 5, 6, 7, 2, 4]
Round 411: [5, 2, 3, 4, 6, 7, 1]
Round 412: [1, 5, 3, 7, 4, 6, 2]
Round 413: [6, 7, 5, 1, 2, 3, 4]
Round 414: [4, 5, 6, 7, 3, 1, 2]
Round 415: [3, 1, 5, 6, 4, 2, 7]
Round 416: [4, 6, 7, 1, 3, 2, 5]
Round 417: [3, 1, 2, 5, 4, 6, 7]
Round 418: [2, 5, 6, 3, 7, 1, 4]
Round 419: [7, 6, 2, 4, 5, 3, 1]
Round 420: [3, 4, 1, 7, 5, 6, 2]
Round 421: [5, 1, 6, 3, 4, 2, 7]
Round 422: [4, 7, 2, 6, 5, 1, 3]
Round 423: [1, 5, 2, 4, 6, 7, 3]
Round 424: [3, 1, 5, 7, 6, 4, 2]
Round 425: [2, 4, 6, 3, 7, 5, 1]
Round 426: [1, 6, 2, 3, 7, 5, 4]
Round 427: [7, 2, 3, 6, 4, 1, 5]
Round 428: [6, 5, 7, 3, 4, 2, 1]
Round 429: [2, 7, 5, 3, 6, 1, 4]
Round 430: [7, 1, 2, 5, 3, 6, 4]
Round 431: [3, 1, 4, 5, 6, 7, 2]
Round 432: [6, 2, 7, 4, 5, 3, 1]
Round 433: [6, 2, 1, 3, 7, 4, 5]
Round 434: [1, 7, 2, 4, 6, 5, 3]
Round 435: [2, 4, 7, 6, 1, 3, 5]
Round 436: [6, 4, 7, 3, 2, 1, 5]
Round 437: [6, 4, 1, 3, 2, 5, 7]
Round 438: [2, 4, 7, 5, 1, 6, 3]
Round 439: [1, 3, 7, 2, 5, 4, 6]
Round 440: [6, 1, 2, 4, 3, 7, 5]
Round 441: [6, 2, 7, 1, 3, 4, 5]
Round 442: [4, 3, 7, 1, 2, 5, 6]
Round 443: [2, 4, 6, 3, 7, 1, 5]
Round 444: [5, 2, 7, 1, 6, 3, 4]
Round 445: [2, 3, 7, 6, 5, 4, 1]
Round 446: [2, 6, 5, 7, 1, 3, 4]
Round 447: [5, 7, 4, 1, 3, 6, 2]
Round 448: [3, 4, 5, 2, 1, 6, 7]
Round 449: [7, 2, 4, 1, 6, 3, 5]
Round 450: [1, 6, 7, 3, 5, 2, 4]
Round 451: [5, 6, 2, 3, 4, 1, 7]
Round 452: [2, 4, 5, 1, 7, 3, 6]
Round 453: [2, 7, 4, 3, 6, 5, 1]
Round 454: [6, 5, 2, 4, 7, 3, 1]
Round 455: [1, 4, 7, 6, 2, 3, 5]
Round 456: [1, 3, 7, 4, 5, 2, 6]
Round 457: [1, 3, 2, 7, 5, 6, 4]
Round 458: [5, 4, 3, 1, 2, 6, 7]
Round 459: [5, 3, 6, 1, 2, 4, 7]
Round 460: [5, 6, 2, 1, 4, 7, 3]
Round 461: [5, 2, 3, 6, 4, 7, 1]
Round 462: [1, 2, 6, 3, 7, 5, 4]
Round 463: [3, 7, 5, 1, 6, 2, 4]
Round 464: [1, 7, 5, 6, 3, 4, 2]
Round 465: [7, 2, 6, 5, 3, 4, 1]
Round 466: [2, 3, 5, 4, 6, 1, 7]
Round 467: [7, 6, 3, 2, 1, 5, 4]
Round 468: [1, 6, 3, 4, 5, 7, 2]
Round 469: [1, 6, 3, 4, 5, 2, 7]
Round 470: [3, 2, 4, 5, 6, 7, 1]
Round 471: [4, 5, 7, 3, 2, 1, 6]
Round 472: [4, 1, 7, 5, 6, 3, 2]
Round 473: [3, 4, 7, 1, 6, 2, 5]
Round 474: [7, 1, 2, 6, 4, 3, 5]
Round 475: [2, 1, 3, 6, 7, 4, 5]
Round 476: [3, 1, 4, 5, 6, 7, 2]
Round 477: [6, 2, 3, 5, 7, 4, 1]
Round 478: [7, 2, 5, 6, 3, 4, 1]
Round 479: [7, 6, 5, 1, 3, 4, 2]
Round 480: [6, 5, 4, 1, 3, 2, 7]
Round 481: [2, 4, 6, 7, 3, 1, 5]
Round 482: [7, 6, 2, 5, 1, 4, 3]
Round 483: [3, 7, 1, 5, 2, 4, 6]
Round 484: [3, 4, 1, 6, 2, 5, 7]
Round 485: [7, 3, 2, 1, 4, 5, 6]
Round 486: [1, 7, 3, 4, 5, 6, 2]
Round 487: [1, 4, 6, 3, 5, 2, 7]
Round 488: [4, 5, 2, 1, 6, 7, 3]
Round 489: [1, 5, 6, 4, 3, 7, 2]
Round 490: [3, 5, 6, 2, 4, 1, 7]
Round 491: [1, 3, 6, 7, 4, 2, 5]
Round 492: [6, 2, 3, 4, 1, 7, 5]
Round 493: [1, 4, 3, 2, 6, 5, 7]
Round 494: [6, 2, 1, 5, 4, 7, 3]
Round 495: [7, 1, 6, 2, 3, 5, 4]
Round 496: [1, 5, 2, 4, 7, 3, 6]
Round 497: [4, 7, 6, 5, 1, 2, 3]
Round 498: [2, 1, 5, 6, 7, 3, 4]
Round 499: [4, 1, 6, 5, 7, 2, 3]
Round 500: [4, 5, 6, 1, 7, 3, 2]
Round 501: [7, 6, 3, 5, 1, 2, 4]
Round 502: [5, 3, 1, 4, 7, 6, 2]
Round 503: [1, 5, 2, 3, 6, 7, 4]
Round 504: [4, 7, 2, 5, 6, 1, 3]
Round 505: [4, 5, 6, 1, 3, 7, 2]
Round 506: [5, 7, 3, 1, 2, 6, 4]
Round 507: [6, 5, 1, 2, 7, 4, 3]
Round 508: [5, 3, 7, 6, 1, 2, 4]
Round 509: [4, 7, 5, 6, 1, 2, 3]
Round 510: [3, 7, 6, 2, 5, 1, 4]
Round 511: [6, 4, 2, 5, 3, 7, 1]
Round 512: [2, 3, 5, 1, 4, 6, 7]
Round 513: [4, 3, 2, 5, 6, 7, 1]
Round 514: [1, 3, 4, 6, 7, 5, 2]
Round 515: [3, 5, 1, 4, 7, 2, 6]
Round 516: [3, 7, 5, 1, 2, 4, 6]
Round 517: [7, 4, 5, 6, 1, 2, 3]
Round 518: [7, 6, 1, 5, 2, 3, 4]
Round 519: [6, 4, 2, 7, 3, 5, 1]
Round 520: [7, 2, 6, 3, 1, 5, 4]
Round 521: [1, 4, 7, 5, 2, 6, 3]
Round 522: [5, 4, 1, 6, 3, 7, 2]
Round 523: [3, 2, 5, 6, 1, 7, 4]
Round 524: [3, 6, 1, 2, 7, 4, 5]
Round 525: [5, 7, 1, 3, 2, 6, 4]
Round 526: [2, 4, 7, 5, 6, 3, 1]
Round 527: [4, 6, 2, 3, 5, 7, 1]
Round 528: [6, 3, 4, 5, 7, 2, 1]
Round 529: [7, 3, 4, 1, 5, 6, 2]
Round 530: [2, 1, 4, 5, 6, 7, 3]
Round 531: [4, 3, 7, 2, 6, 1, 5]
Round 532: [6, 7, 5, 4, 1, 3, 2]
Round 533: [6, 7, 3, 2, 1, 4, 5]
Round 534: [7, 4, 6, 3, 5, 2, 1]
Round 535: [5, 3, 4, 7, 1, 6, 2]
Round 536: [5, 7, 1, 3, 4, 6, 2]
Round 537: [4, 1, 7, 2, 5, 3, 6]
Round 538: [3, 5, 2, 4, 7, 1, 6]
Round 539: [1, 6, 3, 4, 5, 2, 7]
Round 540: [1, 2, 3, 7, 5, 6, 4]
Round 541: [1, 6, 2, 5, 7, 3, 4]
Round 542: [1, 3, 7, 4, 5, 6, 2]
Round 543: [5, 7, 1, 2, 4, 3, 6]
Round 544: [6, 3, 4, 2, 5, 7, 1]
Round 545: [4, 7, 3, 2, 1, 5, 6]
Round 546: [7, 1, 3, 5, 2, 6, 4]
Round 547: [5, 1, 2, 7, 4, 3, 6]
Round 548: [1, 7, 6, 5, 3, 4, 2]
Round 549: [7, 4, 1, 6, 5, 2, 3]
Round 550: [6, 4, 3, 2, 7, 5, 1]
Round 551: [5, 2, 7, 1, 3, 4, 6]
Round 552: [1, 6, 3, 5, 4, 2, 7]
Round 553: [2, 4, 1, 7, 5, 6, 3]
Round 554: [4, 6, 5, 7, 2, 1, 3]
Round 555: [7, 4, 1, 6, 2, 5, 3]
Round 556: [7, 6, 5, 3, 2, 4, 1]
Round 557: [1, 3, 7, 6, 5, 2, 4]
Round 558: [3, 6, 2, 1, 5, 4, 7]
Round 559: [6, 7, 5, 4, 2, 1, 3]
Round 560: [4, 2, 5, 3, 6, 7, 1]
Round 561: [5, 7, 6, 3, 1, 2, 4]
Round 562: [3, 6, 5, 2, 7, 1, 4]
Round 563: [7, 4, 2, 1, 5, 6, 3]
Round 564: [3, 4, 5, 7, 1, 6, 2]
Round 565: [5, 2, 4, 7, 1, 3, 6]
Round 566: [3, 2, 6, 1, 7, 5, 4]
Round 567: [6, 5, 2, 7, 1, 4, 3]
Round 568: [5, 7, 4, 2, 1, 6, 3]
Round 569: [1, 3, 2, 5, 4, 6, 7]
Round 570: [2, 7, 4, 5, 6, 1, 3]
Round 571: [4, 2, 6, 1, 3, 7, 5]
Round 572: [1, 2, 4, 5, 6, 7, 3]
Round 573: [5, 4, 1, 3, 7, 2, 6]
Round 574: [7, 3, 2, 4, 1, 5, 6]
Round 575: [5, 2, 1, 3, 6, 7, 4]
Round 576: [3, 1, 7, 6, 4, 5, 2]
Round 577: [2, 3, 5, 7, 6, 4, 1]
Round 578: [4, 3, 2, 5, 6, 1, 7]
Round 579: [4, 1, 5, 2, 6, 3, 7]
Round 580: [1, 7, 3, 4, 6, 5, 2]
Round 581: [6, 2, 3, 4, 1, 5, 7]
Round 582: [6, 1, 2, 3, 7, 5, 4]
Round 583: [4, 2, 5, 6, 1, 3, 7]
Round 584: [4, 5, 7, 1, 3, 2, 6]
Round 585: [4, 3, 5, 2, 1, 7, 6]
Round 586: [3, 6, 1, 4, 2, 5, 7]
Round 587: [1, 3, 7, 5, 2, 4, 6]
Round 588: [4, 7, 1, 2, 6, 5, 3]
Round 589: [4, 7, 2, 5, 6, 3, 1]
Round 590: [7, 1, 2, 4, 3, 5, 6]
Round 591: [3, 7, 6, 4, 1, 2, 5]
Round 592: [5, 4, 7, 6, 2, 3, 1]
Round 593: [1, 3, 6, 5, 7, 2, 4]
Round 594: [6, 2, 1, 5, 4, 7, 3]
Round 595: [5, 6, 4, 1, 7, 2, 3]
Round 596: [1, 4, 6, 2, 7, 3, 5]
Round 597: [3, 5, 1, 7, 4, 6, 2]
Round 598: [1, 5, 3, 6, 7, 2, 4]
Round 599: [3, 5, 7, 4, 6, 1, 2]
Round 600: [1, 4, 3, 2, 5, 6, 7]
Round 601: [2, 4, 5, 7, 3, 1, 6]
Round 602: [4, 6, 7, 2, 5, 3, 1]
Round 603: [1, 5, 7, 3, 4, 2, 6]
Round 604: [4, 1, 6, 7, 5, 2, 3]
Round 605: [1, 5, 4, 6, 2, 7, 3]
Round 606: [4, 1, 5, 6, 3, 2, 7]
Round 607: [1, 7, 2, 4, 3, 5, 6]
Round 608: [2, 3, 6, 5, 1, 7, 4]
Round 609: [5, 1, 4, 6, 3, 7, 2]
Round 610: [4, 2, 7, 5, 3, 6, 1]
Round 611: [6, 7, 3, 2, 4, 5, 1]
Round 612: [1, 6, 7, 2, 4, 3, 5]
Round 613: [6, 2, 3, 1, 5, 7, 4]
Round 614: [6, 5, 2, 3, 1, 7, 4]
Round 615: [7, 3, 4, 5, 1, 2, 6]
Round 616: [4, 5, 3, 6, 2, 7, 1]
Round 617: [7, 4, 6, 1, 2, 5, 3]
Round 618: [6, 7, 2, 3, 4, 5, 1]
Round 619: [7, 3, 4, 5, 6, 2, 1]
Round 620: [6, 2, 7, 5, 3, 1, 4]
Round 621: [3, 2, 7, 1, 4, 6, 5]
Round 622: [6, 4, 2, 1, 5, 7, 3]
Round 623: [2, 5, 4, 7, 6, 1, 3]
Round 624: [3, 4, 2, 7, 1, 5, 6]
Round 625: [4, 5, 1, 3, 6, 7, 2]
Round 626: [4, 1, 6, 7, 5, 2, 3]
Round 627: [1, 2, 3, 7, 6, 4, 5]
Round 628: [7, 3, 6, 5, 2, 1, 4]
Round 629: [1, 2, 3, 7, 4, 6, 5]
Round 630: [4, 7, 6, 3, 1, 5, 2]
Round 631: [6, 1, 5, 4, 2, 7, 3]
Round 632: [7, 2, 4, 1, 6, 3, 5]
Round 633: [6, 7, 5, 4, 3, 1, 2]
Round 634: [7, 4, 1, 6, 3, 2, 5]
Round 635: [1, 5, 4, 3, 7, 2, 6]
Round 636: [2, 5, 3, 6, 7, 1, 4]
Round 637: [1, 4, 2, 5, 3, 6, 7]
Round 638: [6, 2, 5, 1, 7, 4, 3]
Round 639: [2, 3, 5, 7, 1, 4, 6]
Round 640: [5, 1, 2, 3, 7, 4, 6]
Round 641: [4, 5, 2, 7, 3, 6, 1]
Round 642: [6, 4, 2, 5, 7, 3, 1]
Round 643: [6, 2, 4, 7, 1, 3, 5]
Round 644: [3, 7, 1, 2, 6, 4, 5]
Round 645: [6, 3, 4, 7, 1, 2, 5]
Round 646: [1, 5, 3, 4, 7, 6, 2]
Round 647: [5, 3, 6, 4, 7, 2, 1]
Round 648: [5, 4, 7, 6, 1, 3, 2]
Round 649: [2, 5, 7, 3, 6, 4, 1]
Round 650: [2, 5, 4, 1, 6, 7, 3]
Round 651: [4, 2, 7, 1, 5, 3, 6]
Round 652: [7, 4, 3, 1, 5, 6, 2]
Round 653: [1, 2, 3, 5, 7, 4, 6]
Round 654: [7, 3, 6, 2, 5, 4, 1]
Round 655: [4, 3, 7, 6, 5, 1, 2]
Round 656: [4, 6, 5, 3, 1, 2, 7]
Round 657: [3, 5, 1, 2, 6, 7, 4]
Round 658: [1, 2, 6, 4, 5, 3, 7]
Round 659: [2, 7, 1, 5, 4, 3, 6]
Round 660: [5, 1, 6, 4, 3, 7, 2]
Round 661: [2, 3, 6, 1, 5, 7, 4]
Round 662: [1, 2, 6, 7, 3, 4, 5]
Round 663: [3, 6, 2, 4, 5, 7, 1]
Round 664: [5, 2, 6, 1, 4, 3, 7]
Round 665: [4, 7, 6, 1, 2, 3, 5]
Round 666: [3, 1, 5, 2, 4, 6, 7]
Round 667: [2, 7, 1, 6, 4, 5, 3]
Round 668: [7, 1, 6, 4, 2, 5, 3]
Round 669: [3, 6, 1, 7, 4, 2, 5]
Round 670: [1, 6, 7, 3, 4, 2, 5]
Round 671: [7, 4, 2, 6, 1, 3, 5]
Round 672: [2, 6, 4, 3, 1, 5, 7]
Round 673: [7, 6, 3, 4, 1, 5, 2]
Round 674: [5, 4, 6, 2, 7, 3, 1]
Round 675: [7, 5, 3, 6, 1, 2, 4]
Round 676: [3, 4, 6, 2, 5, 7, 1]
Round 677: [6, 5, 4, 2, 1, 3, 7]
Round 678: [5, 4, 7, 2, 1, 6, 3]
Round 679: [2, 4, 7, 5, 6, 3, 1]
Round 680: [6, 7, 1, 5, 4, 2, 3]
Round 681: [7, 6, 3, 2, 5, 1, 4]
Round 682: [6, 1, 4, 3, 2, 5, 7]
Round 683: [5, 7, 2, 1, 3, 4, 6]
Round 684: [7, 5, 1, 2, 3, 4, 6]
Round 685: [7, 5, 2, 4, 3, 1, 6]
Round 686: [3, 1, 7, 5, 2, 4, 6]
Round 687: [6, 7, 2, 4, 3, 1, 5]
Round 688: [5, 3, 6, 1, 7, 2, 4]
Round 689: [2, 1, 5, 7, 4, 3, 6]
Round 690: [2, 7, 4, 6, 1, 3, 5]
Round 691: [4, 6, 3, 2, 7, 1, 5]
Round 692: [1, 3, 5, 2, 7, 4, 6]
Round 693: [1, 3, 7, 4, 5, 6, 2]
Round 694: [2, 3, 4, 7, 1, 6, 5]
Round 695: [1, 7, 4, 2, 6, 5, 3]
Round 696: [4, 3, 1, 2, 5, 6, 7]
Round 697: [6, 3, 1, 2, 7, 5, 4]
Round 698: [1, 3, 7, 2, 4, 5, 6]
Round 699: [1, 5, 7, 6, 4, 3, 2]
Round 700: [3, 7, 2, 1, 5, 4, 6]
Round 701: [7, 2, 4, 1, 6, 3, 5]
Round 702: [6, 5, 1, 3, 7, 2, 4]
Round 703: [1, 7, 6, 5, 2, 3, 4]
Round 704: [6, 1, 7, 4, 3, 2, 5]
Round 705: [3, 7, 4, 2, 6, 1, 5]
Round 706: [2, 7, 3, 4, 5, 1, 6]
Round 707: [7, 3, 1, 5, 4, 6, 2]
Round 708: [7, 5, 6, 1, 4, 2, 3]
Round 709: [4, 7, 3, 2, 6, 5, 1]
Round 710: [6, 1, 4, 3, 5, 2, 7]
Round 711: [4, 7, 2, 5, 3, 6, 1]
Round 712: [7, 2, 6, 5, 3, 4, 1]
Round 713: [3, 7, 1, 6, 5, 2, 4]
Round 714: [6, 7, 1, 5, 3, 2, 4]
Round 715: [2, 5, 4, 6, 7, 3, 1]
Round 716: [3, 1, 6, 2, 4, 5, 7]
Round 717: [3, 7, 1, 2, 4, 5, 6]
Round 718: [2, 7, 4, 5, 1, 3, 6]
Round 719: [3, 2, 6, 5, 1, 7, 4]
Round 720: [7, 6, 1, 5, 4, 3, 2]
Round 721: [2, 5, 3, 1, 6, 7, 4]
Round 722: [4, 7, 2, 5, 1, 3, 6]
Round 723: [2, 1, 3, 4, 6, 7, 5]
Round 724: [5, 1, 4, 6, 3, 2, 7]
Round 725: [7, 2, 4, 1, 6, 3, 5]
Round 726: [3, 2, 4, 7, 1, 6, 5]
Round 727: [3, 5, 6, 4, 7, 1, 2]
Round 728: [5, 7, 6, 1, 4, 2, 3]
Round 729: [5, 2, 1, 6, 4, 3, 7]
Round 730: [4, 5, 3, 6, 7, 2, 1]
Round 731: [3, 6, 2, 5, 4, 1, 7]
Round 732: [6, 1, 4, 2, 7, 5, 3]
Round 733: [3, 5, 7, 4, 6, 1, 2]
Round 734: [1, 7, 2, 4, 6, 5, 3]
Round 735: [2, 5, 3, 7, 1, 4, 6]
Round 736: [7, 2, 6, 3, 5, 4, 1]
Round 737: [4, 3, 1, 6, 7, 2, 5]
Round 738: [7, 5, 4, 1, 2, 6, 3]
Round 739: [6, 2, 7, 1, 5, 4, 3]
Round 740: [5, 4, 2, 6, 7, 1, 3]
Round 741: [1, 2, 7, 3, 6, 5, 4]
Round 742: [7, 5, 2, 6, 1, 4, 3]
Round 743: [1, 7, 6, 4, 2, 3, 5]
Round 744: [3, 1, 5, 7, 4, 2, 6]
Round 745: [7, 3, 1, 6, 4, 5, 2]
Round 746: [7, 3, 6, 2, 5, 1, 4]
Round 747: [3, 1, 6, 5, 2, 4, 7]
Round 748: [3, 4, 7, 6, 1, 5, 2]
Round 749: [4, 2, 3, 5, 6, 1, 7]
Round 750: [5, 2, 1, 4, 6, 7, 3]
Round 751: [3, 1, 4, 7, 5, 6, 2]
Round 752: [4, 2, 7, 6, 3, 1, 5]
Round 753: [2, 6, 4, 5, 3, 7, 1]
Round 754: [4, 6, 5, 7, 1, 3, 2]
Round 755: [5, 1, 3, 7, 2, 4, 6]
Round 756: [3, 4, 5, 7, 1, 6, 2]
Round 757: [5, 4, 6, 1, 3, 7, 2]
Round 758: [6, 2, 1, 4, 3, 7, 5]
Round 759: [2, 4, 3, 1, 6, 5, 7]
Round 760: [3, 7, 1, 6, 5, 4, 2]
Round 761: [5, 3, 6, 4, 1, 7, 2]
Round 762: [5, 1, 3, 7, 4, 6, 2]
Round 763: [6, 2, 4, 5, 7, 1, 3]
Round 764: [1, 6, 3, 7, 4, 2, 5]
Round 765: [4, 1, 2, 5, 3, 7, 6]
Round 766: [6, 1, 2, 3, 7, 5, 4]
Round 767: [2, 4, 5, 7, 3, 6, 1]
Round 768: [5, 1, 7, 3, 2, 6, 4]
Round 769: [6, 7, 5, 1, 2, 4, 3]
Round 770: [3, 1, 6, 4, 2, 7, 5]
Round 771: [4, 6, 3, 1, 7, 5, 2]
Round 772: [5, 4, 7, 2, 3, 1, 6]
Round 773: [6, 4, 2, 5, 1, 3, 7]
Round 774: [3, 1, 6, 5, 4, 2, 7]
Round 775: [6, 5, 1, 2, 4, 7, 3]
Round 776: [5, 6, 2, 4, 7, 1, 3]
Round 777: [1, 3, 2, 7, 4, 6, 5]
Round 778: [2, 4, 6, 1, 7, 3, 5]
Round 779: [3, 4, 5, 1, 7, 2, 6]
Round 780: [7, 4, 2, 1, 6, 3, 5]
Round 781: [2, 1, 4, 5, 3, 6, 7]
Round 782: [7, 6, 4, 3, 2, 1, 5]
Round 783: [5, 3, 2, 1, 6, 4, 7]
Round 784: [5, 2, 4, 3, 1, 7, 6]
Round 785: [5, 4, 2, 1, 7, 3, 6]
Round 786: [2, 7, 3, 1, 5, 6, 4]
Round 787: [1, 6, 2, 7, 4, 3, 5]
Round 788: [4, 7, 1, 3, 5, 6, 2]
Round 789: [7, 3, 5, 2, 6, 1, 4]
Round 790: [7, 3, 1, 5, 6, 4, 2]
Round 791: [2, 5, 1, 3, 4, 6, 7]
Round 792: [4, 2, 5, 3, 7, 1, 6]
Round 793: [2, 4, 1, 5, 6, 3, 7]
Round 794: [5, 1, 2, 4, 6, 7, 3]
Round 795: [5, 6, 7, 4, 1, 2, 3]
Round 796: [1, 7, 4, 2, 3, 6, 5]
Round 797: [1, 3, 4, 7, 2, 5, 6]
Round 798: [4, 3, 2, 5, 7, 6, 1]
Round 799: [2, 4, 3, 7, 6, 5, 1]
Round 800: [3, 5, 6, 1, 7, 4, 2]
Round 801: [7, 3, 4, 1, 2, 5, 6]
Round 802: [7, 3, 1, 6, 2, 5, 4]
Round 803: [5, 7, 4, 3, 2, 1, 6]
Round 804: [3, 6, 1, 5, 7, 4, 2]
Round 805: [2, 4, 1, 5, 6, 7, 3]
Round 806: [6, 7, 4, 5, 1, 2, 3]
Round 807: [4, 6, 3, 5, 7, 1, 2]
Round 808: [7, 5, 2, 3, 1, 4, 6]
Round 809: [4, 5, 1, 6, 2, 7, 3]
Round 810: [3, 2, 5, 6, 1, 4, 7]
Round 811: [1, 6, 7, 5, 2, 4, 3]
Round 812: [2, 5, 3, 7, 1, 4, 6]
Round 813: [1, 4, 3, 2, 6, 5, 7]
Round 814: [6, 2, 1, 4, 5, 3, 7]
Round 815: [2, 5, 3, 1, 7, 6, 4]
Round 816: [1, 6, 4, 7, 5, 2, 3]
Round 817: [4, 3, 5, 6, 1, 7, 2]
Round 818: [2, 7, 5, 3, 1, 4, 6]
Round 819: [5, 1, 2, 6, 3, 7, 4]
Round 820: [3, 6, 7, 1, 5, 2, 4]
Round 821: [7, 5, 4, 1, 2, 3, 6]
Round 822: [5, 6, 2, 4, 3, 1, 7]
Round 823: [5, 2, 7, 6, 4, 1, 3]
Round 824: [4, 6, 3, 1, 7, 2, 5]
Round 825: [7, 6, 1, 5, 2, 4, 3]
Round 826: [7, 6, 5, 4, 1, 3, 2]
Round 827: [6, 5, 7, 2, 3, 1, 4]
Round 828: [6, 5, 4, 2, 3, 7, 1]
Round 829: [2, 4, 1, 3, 7, 5, 6]
Round 830: [1, 3, 7, 5, 4, 6, 2]
Round 831: [2, 7, 6, 5, 1, 3, 4]
Round 832: [7, 1, 2, 6, 3, 5, 4]
Round 833: [4, 5, 6, 3, 1, 2, 7]
Round 834: [2, 3, 6, 7, 5, 4, 1]
Round 835: [3, 7, 1, 5, 2, 4, 6]
Round 836: [3, 1, 4, 7, 2, 5, 6]
Round 837: [1, 4, 5, 6, 7, 2, 3]
Round 838: [2, 6, 1, 7, 5, 3, 4]
Round 839: [5, 3, 4, 1, 6, 2, 7]
Round 840: [3, 2, 5, 4, 1, 7, 6]
Round 841: [5, 1, 7, 3, 2, 4, 6]
Round 842: [5, 3, 1, 6, 7, 4, 2]
Round 843: [7, 5, 4, 1, 6, 3, 2]
Round 844: [7, 1, 3, 2, 4, 5, 6]
Round 845: [4, 3, 1, 6, 7, 5, 2]
Round 846: [6, 1, 3, 4, 2, 5, 7]
Round 847: [5, 1, 3, 7, 2, 6, 4]
Round 848: [5, 1, 7, 6, 2, 4, 3]
Round 849: [6, 2, 4, 1, 5, 3, 7]
Round 850: [4, 2, 3, 6, 1, 5, 7]
Round 851: [2, 6, 3, 5, 4, 1, 7]
Round 852: [2, 6, 4, 5, 3, 7, 1]
Round 853: [7, 2, 3, 6, 4, 5, 1]
Round 854: [3, 1, 4, 2, 6, 5, 7]
Round 855: [3, 5, 6, 7, 4, 1, 2]
Round 856: [7, 3, 2, 1, 4, 6, 5]
Round 857: [3, 1, 2, 7, 4, 5, 6]
Round 858: [5, 7, 3, 1, 4, 6, 2]
Round 859: [2, 7, 3, 4, 1, 5, 6]
Round 860: [7, 1, 6, 2, 3, 5, 4]
Round 861: [4, 2, 3, 5, 6, 1, 7]
Round 862: [2, 4, 7, 1, 3, 6, 5]
Round 863: [4, 3, 2, 1, 7, 6, 5]
Round 864: [1, 6, 2, 4, 3, 5, 7]
Round 865: [4, 1, 2, 6, 5, 7, 3]
Round 866: [4, 2, 6, 1, 5, 7, 3]
Round 867: [4, 3, 1, 7, 6, 5, 2]
Round 868: [5, 7, 4, 1, 2, 3, 6]
Round 869: [2, 3, 5, 1, 7, 4, 6]
Round 870: [2, 5, 1, 6, 7, 3, 4]
Round 871: [7, 4, 1, 5, 2, 3, 6]
Round 872: [1, 2, 4, 7, 5, 3, 6]
Round 873: [7, 1, 3, 5, 4, 2, 6]
Round 874: [2, 4, 7, 5, 1, 3, 6]
Round 875: [2, 5, 3, 1, 4, 7, 6]
Round 876: [2, 5, 3, 1, 6, 7, 4]
Round 877: [4, 5, 6, 3, 2, 7, 1]
Round 878: [2, 6, 1, 5, 7, 4, 3]
Round 879: [3, 7, 1, 2, 5, 6, 4]
Round 880: [2, 4, 1, 5, 7, 6, 3]
Round 881: [3, 5, 4, 7, 1, 2, 6]
Round 882: [2, 3, 1, 6, 4, 5, 7]
Round 883: [4, 5, 6, 7, 3, 2, 1]
Round 884: [7, 1, 3, 2, 4, 6, 5]
Round 885: [4, 5, 2, 7, 6, 3, 1]
Round 886: [4, 3, 6, 2, 1, 7, 5]
Round 887: [6, 3, 5, 7, 4, 1, 2]
Round 888: [4, 7, 1, 2, 3, 5, 6]
Round 889: [1, 2, 3, 6, 7, 4, 5]
Round 890: [1, 4, 2, 6, 7, 5, 3]
Round 891: [4, 2, 6, 7, 1, 5, 3]
Round 892: [2, 4, 3, 6, 1, 7, 5]
Round 893: [4, 6, 1, 3, 7, 2, 5]
Round 894: [6, 1, 2, 5, 7, 4, 3]
Round 895: [7, 6, 1, 3, 2, 5, 4]
Round 896: [6, 5, 3, 2, 4, 7, 1]
Round 897: [6, 4, 1, 5, 3, 7, 2]
Round 898: [1, 7, 3, 6, 2, 4, 5]
Round 899: [7, 1, 3, 2, 4, 6, 5]
Round 900: [4, 2, 6, 5, 1, 3, 7]
Round 901: [7, 1, 5, 6, 4, 3, 2]
Round 902: [2, 5, 7, 1, 3, 4, 6]
Round 903: [6, 4, 5, 7, 1, 3, 2]
Round 904: [5, 4, 7, 6, 1, 2, 3]
Round 905: [4, 6, 2, 3, 5, 1, 7]
Round 906: [3, 7, 2, 6, 5, 1, 4]
Round 907: [5, 1, 4, 6, 3, 2, 7]
Round 908: [1, 2, 5, 7, 4, 6, 3]
Round 909: [5, 2, 4, 3, 7, 1, 6]
Round 910: [7, 1, 6, 5, 2, 4, 3]
Round 911: [1, 2, 3, 6, 4, 5, 7]
Round 912: [2, 4, 3, 1, 7, 5, 6]
Round 913: [2, 4, 5, 7, 6, 1, 3]
Round 914: [7, 1, 4, 5, 2, 3, 6]
Round 915: [5, 2, 3, 4, 6, 1, 7]
Round 916: [7, 3, 5, 2, 1, 6, 4]
Round 917: [2, 7, 6, 3, 4, 1, 5]
Round 918: [5, 1, 7, 6, 4, 2, 3]
Round 919: [3, 7, 6, 1, 5, 4, 2]
Round 920: [1, 3, 7, 2, 6, 4, 5]
Round 921: [7, 3, 5, 1, 6, 4, 2]
Round 922: [2, 4, 7, 3, 5, 6, 1]
Round 923: [5, 6, 2, 7, 4, 3, 1]
Round 924: [5, 6, 1, 3, 2, 7, 4]
Round 925: [2, 1, 7, 6, 4, 3, 5]
Round 926: [7, 5, 6, 3, 4, 1, 2]
Round 927: [2, 4, 6, 7, 3, 5, 1]
Round 928: [1, 3, 4, 5, 7, 6, 2]
Round 929: [7, 2, 5, 6, 3, 4, 1]
Round 930: [5, 7, 6, 1, 4, 3, 2]
Round 931: [4, 3, 7, 1, 2, 6, 5]
Round 932: [7, 6, 1, 4, 2, 5, 3]
Round 933: [5, 6, 7, 2, 4, 1, 3]
Round 934: [4, 2, 7, 6, 5, 3, 1]
Round 935: [3, 4, 2, 7, 5, 6, 1]
Round 936: [1, 3, 7, 2, 6, 4, 5]
Round 937: [5, 1, 2, 6, 7, 3, 4]
Round 938: [5, 4, 6, 3, 1, 2, 7]
Round 939: [3, 7, 6, 1, 5, 2, 4]
Round 940: [6, 4, 7, 1, 2, 5, 3]
Round 941: [6, 1, 5, 3, 7, 2, 4]
Round 942: [7, 5, 2, 3, 4, 1, 6]
Round 943: [2, 5, 4, 6, 7, 1, 3]
Round 944: [1, 7, 4, 2, 3, 6, 5]
Round 945: [7, 4, 3, 6, 2, 5, 1]
Round 946: [3, 6, 2, 4, 5, 7, 1]
Round 947: [3, 6, 2, 7, 5, 1, 4]
Round 948: [5, 1, 4, 2, 6, 3, 7]
Round 949: [4, 5, 7, 6, 1, 2, 3]
Round 950: [7, 6, 1, 3, 4, 2, 5]
Round 951: [7, 4, 5, 3, 6, 1, 2]
Round 952: [6, 3, 1, 5, 4, 7, 2]
Round 953: [7, 1, 2, 5, 6, 4, 3]
Round 954: [5, 3, 2, 1, 7, 4, 6]
Round 955: [1, 6, 4, 3, 2, 5, 7]
Round 956: [2, 6, 4, 1, 7, 3, 5]
Round 957: [3, 6, 2, 7, 4, 1, 5]
Round 958: [6, 5, 2, 7, 4, 1, 3]
Round 959: [4, 2, 6, 3, 1, 7, 5]
Round 960: [1, 2, 5, 4, 3, 7, 6]
Round 961: [4, 7, 2, 5, 1, 3, 6]
Round 962: [4, 1, 3, 2, 7, 5, 6]
Round 963: [6, 5, 3, 1, 4, 2, 7]
Round 964: [1, 5, 2, 3, 7, 6, 4]
Round 965: [6, 5, 1, 2, 3, 4, 7]
Round 966: [3, 5, 2, 7, 1, 6, 4]
Round 967: [1, 3, 5, 2, 7, 4, 6]
Round 968: [1, 4, 3, 7, 5, 6, 2]
Round 969: [4, 2, 1, 7, 6, 5, 3]
Round 970: [5, 1, 2, 3, 7, 4, 6]
Round 971: [3, 6, 1, 2, 5, 4, 7]
Round 972: [5, 2, 4, 3, 7, 6, 1]
Round 973: [6, 1, 7, 3, 2, 5, 4]
Round 974: [2, 1, 5, 4, 6, 3, 7]
Round 975: [7, 4, 5, 6, 3, 2, 1]
Round 976: [3, 1, 4, 2, 7, 6, 5]
Round 977: [6, 3, 7, 4, 5, 2, 1]
Round 978: [7, 5, 4, 3, 6, 2, 1]
Round 979: [4, 3, 7, 1, 2, 5, 6]
Round 980: [5, 4, 1, 2, 6, 3, 7]
Round 981: [2, 6, 5, 3, 4, 1, 7]
Round 982: [7, 5, 6, 2, 4, 1, 3]
Round 983: [4, 7, 5, 6, 1, 3, 2]
Round 984: [3, 4, 5, 1, 6, 2, 7]
Round 985: [3, 4, 7, 1, 5, 6, 2]
Round 986: [3, 2, 7, 1, 5, 4, 6]
Round 987: [7, 4, 6, 3, 2, 5, 1]
Round 988: [1, 4, 2, 5, 6, 3, 7]
Round 989: [3, 1, 7, 4, 6, 5, 2]
Round 990: [3, 2, 4, 1, 7, 6, 5]
Round 991: [4, 7, 5, 2, 1, 3, 6]
Round 992: [5, 1, 6, 7, 2, 4, 3]
Round 993: [1, 4, 3, 2, 7, 5, 6]
Round 994: [1, 3, 4, 7, 2, 6, 5]
Round 995: [7, 1, 3, 5, 2, 4, 6]
Round 996: [5, 2, 1, 3, 7, 6, 4]
Round 997: [2, 3, 4, 6, 7, 5, 1]
Round 998: [2, 6, 1, 7, 5, 4, 3]
Round 999: [2, 1, 5, 4, 3, 6, 7]
Round 1000: [3, 2, 1, 4, 5, 7, 6]
Round 1001: [6, 7, 2, 4, 1, 3, 5]
Round 1002: [2, 6, 4, 3, 7, 5, 1]
Round 1003: [2, 3, 6, 4, 5, 1, 7]
Round 1004: [3, 5, 2, 1, 6, 7, 4]
Round 1005: [4, 7, 1, 3, 5, 2, 6]
Round 1006: [1, 5, 3, 7, 2, 4, 6]
Round 1007: [4, 5, 2, 7, 3, 6, 1]
Round 1008: [3, 7, 6, 4, 5, 2, 1]
Round 1009: [3, 5, 4, 1, 7, 2, 6]
Round 1010: [2, 7, 6, 4, 5, 3, 1]
Round 1011: [2, 7, 1, 4, 3, 5, 6]
Round 1012: [7, 6, 1, 3, 4, 2, 5]
Round 1013: [1, 4, 2, 5, 3, 6, 7]
Round 1014: [3, 6, 7, 5, 1, 4, 2]
Round 1015: [5, 6, 7, 4, 2, 3, 1]
Round 1016: [4, 3, 5, 7, 6, 1, 2]
Round 1017: [4, 5, 3, 1, 7, 6, 2]
Round 1018: [3, 4, 2, 5, 7, 1, 6]
Round 1019: [7, 4, 2, 1, 3, 6, 5]
Round 1020: [3, 6, 1, 7, 5, 4, 2]
Round 1021: [7, 5, 3, 4, 2, 6, 1]
Round 1022: [2, 1, 7, 4, 6, 3, 5]
Round 1023: [5, 6, 2, 7, 4, 1, 3]
Round 1024: [7, 5, 2, 1, 3, 6, 4]
Round 1025: [2, 5, 4, 6, 7, 1, 3]
Round 1026: [2, 4, 5, 3, 6, 1, 7]
Round 1027: [6, 4, 7, 2, 5, 1, 3]
Round 1028: [7, 2, 4, 6, 3, 5, 1]
Round 1029: [4, 7, 3, 1, 6, 2, 5]
Round 1030: [2, 4, 3, 5, 1, 6, 7]
Round 1031: [2, 4, 1, 3, 5, 6, 7]
Round 1032: [3, 1, 2, 6, 7, 4, 5]
Round 1033: [6, 1, 4, 2, 7, 5, 3]
Round 1034: [4, 7, 5, 3, 1, 2, 6]
Round 1035: [6, 4, 3, 2, 1, 7, 5]
Round 1036: [6, 2, 4, 5, 1, 7, 3]
Round 1037: [3, 4, 1, 6, 5, 2, 7]
Round 1038: [6, 3, 2, 5, 7, 4, 1]
Round 1039: [2, 1, 4, 3, 6, 5, 7]
Round 1040: [1, 5, 2, 4, 7, 3, 6]
Round 1041: [7, 2, 5, 1, 3, 6, 4]
Round 1042: [5, 1, 6, 2, 7, 3, 4]
Round 1043: [4, 5, 1, 2, 6, 7, 3]
Round 1044: [2, 7, 3, 5, 4, 1, 6]
Round 1045: [2, 4, 7, 5, 3, 1, 6]
Round 1046: [4, 5, 7, 1, 3, 6, 2]
Round 1047: [5, 1, 3, 7, 4, 2, 6]
Round 1048: [2, 4, 6, 5, 3, 7, 1]
Round 1049: [2, 3, 4, 5, 1, 7, 6]
Round 1050: [6, 3, 2, 4, 1, 5, 7]
Round 1051: [5, 6, 1, 7, 3, 4, 2]
Round 1052: [1, 5, 2, 7, 3, 6, 4]
Round 1053: [6, 2, 4, 7, 3, 1, 5]
Round 1054: [2, 4, 7, 1, 5, 3, 6]
Round 1055: [2, 6, 4, 3, 7, 1, 5]
Round 1056: [4, 2, 7, 5, 1, 3, 6]
Round 1057: [7, 1, 6, 3, 5, 2, 4]
Round 1058: [7, 1, 4, 6, 5, 3, 2]
Round 1059: [1, 3, 5, 7, 2, 4, 6]
Round 1060: [7, 6, 4, 5, 1, 2, 3]
Round 1061: [2, 4, 1, 6, 7, 5, 3]
Round 1062: [1, 7, 2, 5, 6, 3, 4]
Round 1063: [3, 7, 5, 4, 6, 2, 1]
Round 1064: [6, 1, 7, 5, 4, 3, 2]
Round 1065: [1, 4, 6, 3, 5, 7, 2]
Round 1066: [6, 2, 3, 7, 4, 5, 1]
Round 1067: [1, 2, 5, 4, 6, 3, 7]
Round 1068: [7, 6, 1, 2, 4, 5, 3]
Round 1069: [1, 6, 7, 2, 3, 4, 5]
Round 1070: [4, 6, 7, 1, 3, 2, 5]
Round 1071: [4, 1, 7, 2, 6, 5, 3]
Round 1072: [3, 6, 1, 7, 2, 4, 5]
Round 1073: [5, 3, 1, 4, 7, 2, 6]
Round 1074: [3, 4, 5, 1, 7, 2, 6]
Round 1075: [6, 5, 4, 3, 1, 2, 7]
Round 1076: [1, 2, 7, 5, 3, 6, 4]
Round 1077: [1, 7, 5, 6, 2, 4, 3]
Round 1078: [5, 7, 1, 4, 2, 3, 6]
Round 1079: [3, 6, 4, 5, 7, 1, 2]
Round 1080: [2, 1, 4, 6, 5, 7, 3]
Round 1081: [4, 3, 2, 6, 5, 1, 7]
Round 1082: [4, 5, 3, 7, 2, 6, 1]
Round 1083: [2, 1, 4, 7, 3, 6, 5]
Round 1084: [5, 3, 4, 2, 1, 7, 6]
Round 1085: [1, 4, 3, 5, 2, 7, 6]
Round 1086: [1, 5, 7, 6, 4, 2, 3]
Round 1087: [1, 6, 3, 5, 2, 4, 7]
Round 1088: [3, 2, 7, 1, 4, 5, 6]
Round 1089: [5, 3, 7, 6, 1, 4, 2]
Round 1090: [4, 6, 1, 2, 3, 5, 7]
Round 1091: [1, 4, 3, 2, 5, 6, 7]
Round 1092: [6, 7, 1, 5, 3, 2, 4]
Round 1093: [6, 5, 4, 1, 7, 2, 3]
Round 1094: [5, 4, 7, 1, 6, 3, 2]
Round 1095: [3, 7, 4, 6, 2, 5, 1]
Round 1096: [1, 5, 2, 6, 7, 4, 3]
Round 1097: [5, 4, 6, 2, 1, 7, 3]
Round 1098: [1, 3, 2, 7, 6, 4, 5]
Round 1099: [6, 7, 3, 4, 1, 5, 2]
Round 1100: [3, 2, 7, 6, 5, 4, 1]
Round 1101: [2, 6, 4, 1, 5, 7, 3]
Round 1102: [2, 7, 4, 3, 5, 1, 6]
Round 1103: [2, 4, 1, 5, 6, 7, 3]
Round 1104: [1, 2, 4, 7, 6, 3, 5]
Round 1105: [2, 5, 6, 4, 7, 3, 1]
Round 1106: [2, 4, 7, 6, 1, 5, 3]
Round 1107: [3, 7, 5, 1, 6, 4, 2]
Round 1108: [7, 4, 3, 5, 2, 1, 6]
Round 1109: [1, 7, 5, 4, 6, 3, 2]
Round 1110: [7, 6, 1, 2, 3, 5, 4]
Round 1111: [2, 6, 5, 3, 7, 4, 1]
Round 1112: [4, 1, 6, 7, 5, 2, 3]
Round 1113: [3, 4, 7, 5, 6, 2, 1]
Round 1114: [6, 7, 5, 2, 3, 1, 4]
Round 1115: [2, 1, 6, 5, 4, 7, 3]
Round 1116: [3, 2, 6, 7, 4, 1, 5]
Round 1117: [2, 1, 6, 5, 3, 7, 4]
Round 1118: [7, 5, 6, 4, 3, 2, 1]
Round 1119: [1, 4, 6, 2, 5, 3, 7]
Round 1120: [6, 5, 7, 2, 3, 4, 1]
Round 1121: [3, 2, 4, 6, 1, 7, 5]
Round 1122: [5, 2, 3, 4, 7, 1, 6]
Round 1123: [5, 1, 7, 2, 4, 3, 6]
Round 1124: [5, 3, 6, 4, 2, 1, 7]
Round 1125: [1, 7, 5, 2, 3, 4, 6]
Round 1126: [5, 7, 3, 4, 6, 2, 1]
Round 1127: [2, 5, 3, 6, 1, 4, 7]
Round 1128: [1, 2, 5, 4, 3, 6, 7]
Round 1129: [1, 3, 7, 5, 6, 4, 2]
Round 1130: [7, 4, 5, 2, 3, 1, 6]
Round 1131: [6, 5, 7, 2, 3, 1, 4]
Round 1132: [6, 4, 5, 2, 3, 1, 7]
Round 1133: [2, 4, 1, 5, 6, 7, 3]
Round 1134: [6, 7, 1, 3, 2, 5, 4]
Round 1135: [6, 7, 3, 5, 1, 2, 4]
Round 1136: [3, 5, 2, 4, 7, 1, 6]
Round 1137: [3, 2, 6, 7, 1, 4, 5]
Round 1138: [1, 5, 3, 4, 2, 7, 6]
Round 1139: [7, 5, 4, 3, 6, 2, 1]
Round 1140: [5, 1, 2, 3, 7, 6, 4]
Round 1141: [3, 4, 5, 6, 2, 1, 7]
Round 1142: [1, 7, 6, 4, 5, 3, 2]
Round 1143: [7, 2, 1, 4, 6, 3, 5]
Round 1144: [2, 4, 6, 5, 7, 3, 1]
Round 1145: [6, 2, 4, 3, 7, 5, 1]
Round 1146: [2, 3, 4, 7, 1, 6, 5]
Round 1147: [7, 4, 1, 6, 5, 2, 3]
Round 1148: [6, 2, 1, 4, 5, 7, 3]
Round 1149: [2, 5, 4, 3, 6, 7, 1]
Round 1150: [1, 3, 2, 6, 4, 7, 5]
Round 1151: [4, 1, 6, 3, 2, 7, 5]
Round 1152: [2, 4, 1, 3, 5, 7, 6]
Round 1153: [5, 2, 7, 1, 6, 4, 3]
Round 1154: [7, 4, 2, 1, 5, 6, 3]
Round 1155: [2, 7, 6, 5, 4, 3, 1]
Round 1156: [6, 3, 4, 5, 7, 1, 2]
Round 1157: [3, 6, 1, 7, 2, 4, 5]
Round 1158: [6, 5, 4, 7, 3, 1, 2]
Round 1159: [6, 7, 5, 4, 2, 1, 3]
Round 1160: [1, 6, 2, 4, 3, 5, 7]
Round 1161: [4, 3, 6, 5, 1, 7, 2]
Round 1162: [2, 1, 4, 3, 6, 7, 5]
Round 1163: [3, 7, 6, 1, 2, 5, 4]
Round 1164: [2, 5, 6, 1, 3, 7, 4]
Round 1165: [5, 1, 3, 2, 4, 7, 6]
Round 1166: [1, 7, 2, 5, 4, 6, 3]
Round 1167: [1, 7, 3, 4, 5, 2, 6]
Round 1168: [3, 7, 1, 6, 2, 5, 4]
Round 1169: [5, 1, 4, 2, 6, 7, 3]
Round 1170: [6, 2, 4, 7, 3, 5, 1]
Round 1171: [3, 6, 1, 2, 7, 5, 4]
Round 1172: [6, 5, 4, 1, 2, 7, 3]
Round 1173: [2, 7, 5, 4, 1, 3, 6]
Round 1174: [2, 7, 4, 1, 3, 6, 5]
Round 1175: [3, 6, 5, 1, 7, 2, 4]
Round 1176: [6, 5, 3, 4, 1, 7, 2]
Round 1177: [3, 7, 1, 2, 4, 5, 6]
Round 1178: [7, 4, 5, 3, 6, 2, 1]
Round 1179: [7, 6, 4, 2, 5, 1, 3]
Round 1180: [2, 4, 3, 1, 7, 5, 6]
Round 1181: [4, 1, 6, 7, 2, 5, 3]
Round 1182: [2, 1, 5, 6, 4, 3, 7]
Round 1183: [2, 7, 3, 5, 1, 4, 6]
Round 1184: [7, 4, 2, 5, 6, 3, 1]
Round 1185: [2, 1, 3, 7, 5, 6, 4]
Round 1186: [2, 3, 5, 4, 6, 7, 1]
Round 1187: [7, 1, 3, 4, 6, 5, 2]
Round 1188: [3, 7, 5, 2, 4, 1, 6]
Round 1189: [3, 2, 6, 1, 4, 7, 5]
Round 1190: [3, 6, 2, 4, 7, 1, 5]
Round 1191: [1, 7, 5, 4, 2, 6, 3]
Round 1192: [3, 4, 1, 7, 2, 5, 6]
Round 1193: [2, 5, 6, 3, 7, 4, 1]
Round 1194: [1, 4, 3, 7, 5, 6, 2]
Round 1195: [7, 3, 5, 4, 1, 6, 2]
Round 1196: [6, 3, 5, 7, 1, 2, 4]
Round 1197: [4, 5, 1, 6, 2, 7, 3]
Round 1198: [3, 6, 5, 1, 7, 2, 4]
Round 1199: [7, 2, 6, 3, 4, 5, 1]
Round 1200: [6, 2, 5, 1, 4, 7, 3]
Round 1201: [5, 3, 2, 6, 1, 4, 7]
Round 1202: [2, 4, 7, 5, 1, 3, 6]
Round 1203: [7, 2, 6, 3, 1, 4, 5]
Round 1204: [5, 1, 3, 4, 2, 7, 6]
Round 1205: [4, 3, 7, 5, 1, 6, 2]
Round 1206: [2, 6, 7, 1, 4, 3, 5]
Round 1207: [1, 6, 5, 3, 7, 2, 4]
Round 1208: [4, 3, 6, 1, 7, 2, 5]
Round 1209: [5, 6, 4, 2, 3, 1, 7]
Round 1210: [4, 1, 2, 3, 7, 6, 5]
Round 1211: [3, 7, 1, 5, 4, 6, 2]
Round 1212: [4, 1, 2, 3, 7, 6, 5]
Round 1213: [1, 7, 5, 2, 6, 4, 3]
Round 1214: [4, 7, 3, 6, 1, 2, 5]
Round 1215: [4, 1, 3, 2, 7, 5, 6]
Round 1216: [4, 2, 3, 7, 6, 5, 1]
Round 1217: [4, 2, 1, 7, 5, 6, 3]
Round 1218: [3, 5, 4, 1, 6, 7, 2]
Round 1219: [6, 4, 3, 5, 2, 1, 7]
Round 1220: [7, 1, 5, 3, 4, 2, 6]
Round 1221: [2, 6, 4, 3, 5, 1, 7]
Round 1222: [3, 6, 2, 7, 4, 5, 1]
Round 1223: [5, 6, 7, 1, 2, 3, 4]
Round 1224: [2, 4, 5, 6, 1, 7, 3]
Round 1225: [2, 7, 4, 6, 5, 3, 1]
Round 1226: [5, 7, 2, 4, 3, 6, 1]
Round 1227: [5, 1, 7, 3, 6, 2, 4]
Round 1228: [5, 6, 7, 2, 3, 4, 1]
Round 1229: [1, 4, 5, 2, 6, 7, 3]
Round 1230: [2, 1, 6, 7, 4, 5, 3]
Round 1231: [3, 1, 6, 5, 2, 7, 4]
Round 1232: [4, 5, 1, 2, 3, 6, 7]
Round 1233: [4, 6, 7, 3, 5, 1, 2]
Round 1234: [7, 5, 2, 6, 3, 1, 4]
Round 1235: [6, 3, 7, 2, 4, 5, 1]
Round 1236: [6, 1, 5, 3, 2, 7, 4]
Round 1237: [3, 2, 1, 5, 4, 6, 7]
Round 1238: [2, 4, 5, 7, 1, 6, 3]
Round 1239: [6, 4, 3, 1, 2, 5, 7]
Round 1240: [7, 5, 6, 2, 1, 4, 3]
Round 1241: [6, 1, 4, 2, 3, 7, 5]
Round 1242: [2, 6, 1, 7, 4, 5, 3]
Round 1243: [7, 6, 3, 2, 4, 1, 5]
Round 1244: [3, 7, 5, 4, 2, 1, 6]
Round 1245: [7, 2, 5, 3, 1, 6, 4]
Round 1246: [7, 1, 3, 2, 6, 4, 5]
Round 1247: [5, 4, 6, 3, 2, 7, 1]
Round 1248: [5, 7, 6, 3, 4, 2, 1]
Round 1249: [5, 4, 2, 6, 3, 7, 1]
Round 1250: [3, 4, 1, 5, 7, 2, 6]
Round 1251: [7, 3, 6, 1, 4, 5, 2]
Round 1252: [2, 1, 7, 6, 3, 4, 5]
Round 1253: [2, 7, 5, 3, 4, 1, 6]
Round 1254: [6, 3, 4, 1, 7, 5, 2]
Round 1255: [1, 4, 5, 7, 2, 6, 3]
Round 1256: [4, 5, 2, 7, 6, 3, 1]
Round 1257: [1, 6, 5, 3, 7, 4, 2]
Round 1258: [2, 6, 5, 7, 1, 4, 3]
Round 1259: [2, 7, 4, 3, 5, 1, 6]
Round 1260: [4, 2, 3, 6, 7, 1, 5]
Round 1261: [1, 5, 2, 7, 4, 3, 6]
Round 1262: [5, 6, 1, 3, 7, 4, 2]
Round 1263: [7, 3, 1, 4, 6, 5, 2]
Round 1264: [3, 1, 6, 7, 2, 4, 5]
Round 1265: [1, 2, 3, 4, 6, 7, 5]
Round 1266: [7, 3, 1, 5, 4, 2, 6]
Round 1267: [5, 4, 6, 1, 7, 2, 3]
Round 1268: [5, 2, 4, 6, 7, 1, 3]
Round 1269: [5, 2, 3, 1, 6, 7, 4]
Round 1270: [2, 5, 4, 6, 3, 1, 7]
Round 1271: [4, 2, 1, 6, 3, 7, 5]
Round 1272: [3, 6, 5, 4, 7, 2, 1]
Round 1273: [7, 6, 5, 4, 2, 3, 1]
Round 1274: [6, 3, 7, 1, 4, 5, 2]
Round 1275: [1, 3, 5, 2, 4, 7, 6]
Round 1276: [2, 4, 7, 5, 1, 6, 3]
Round 1277: [5, 7, 4, 1, 3, 6, 2]
Round 1278: [7, 3, 5, 1, 4, 2, 6]
Round 1279: [2, 7, 3, 5, 4, 1, 6]
Round 1280: [4, 6, 7, 3, 2, 5, 1]
Round 1281: [3, 6, 7, 2, 1, 4, 5]
Round 1282: [5, 6, 1, 2, 7, 4, 3]
Round 1283: [4, 5, 6, 3, 7, 2, 1]
Round 1284: [7, 2, 3, 5, 1, 6, 4]
Round 1285: [5, 2, 4, 7, 1, 6, 3]
Round 1286: [4, 7, 2, 6, 1, 3, 5]
Round 1287: [5, 2, 7, 6, 3, 1, 4]
Round 1288: [2, 3, 7, 6, 1, 5, 4]
Round 1289: [4, 5, 6, 7, 1, 2, 3]
Round 1290: [4, 3, 5, 7, 1, 6, 2]
Round 1291: [2, 3, 4, 7, 1, 5, 6]
Round 1292: [1, 4, 3, 7, 5, 2, 6]
Round 1293: [7, 2, 6, 1, 5, 3, 4]
Round 1294: [5, 4, 7, 6, 3, 2, 1]
Round 1295: [4, 6, 5, 1, 3, 2, 7]
Round 1296: [4, 3, 6, 7, 2, 1, 5]
Round 1297: [1, 7, 5, 3, 4, 6, 2]
Round 1298: [6, 4, 1, 5, 3, 2, 7]
Round 1299: [2, 5, 4, 6, 1, 7, 3]
Round 1300: [2, 3, 5, 1, 7, 6, 4]
Round 1301: [4, 5, 3, 7, 2, 1, 6]
Round 1302: [2, 5, 3, 7, 4, 1, 6]
Round 1303: [7, 3, 1, 6, 5, 4, 2]
Round 1304: [5, 4, 2, 1, 3, 6, 7]
Round 1305: [3, 7, 5, 6, 4, 2, 1]
Round 1306: [1, 3, 7, 2, 5, 4, 6]
Round 1307: [3, 4, 5, 6, 2, 7, 1]
Round 1308: [6, 7, 1, 4, 3, 2, 5]
Round 1309: [6, 1, 5, 2, 3, 7, 4]
Round 1310: [6, 3, 1, 4, 7, 2, 5]
Round 1311: [5, 4, 1, 3, 2, 7, 6]
Round 1312: [2, 4, 7, 3, 1, 6, 5]
Round 1313: [3, 4, 7, 6, 2, 1, 5]
Round 1314: [2, 3, 7, 6, 1, 4, 5]
Round 1315: [6, 5, 1, 4, 2, 7, 3]
Round 1316: [3, 4, 1, 7, 6, 5, 2]
Round 1317: [6, 4, 7, 1, 2, 3, 5]
Round 1318: [4, 1, 6, 2, 5, 7, 3]
Round 1319: [2, 5, 1, 7, 3, 6, 4]
Round 1320: [4, 5, 2, 3, 6, 7, 1]
Round 1321: [5, 4, 3, 2, 6, 7, 1]
Round 1322: [7, 2, 5, 1, 3, 4, 6]
Round 1323: [5, 4, 1, 7, 6, 2, 3]
Round 1324: [3, 1, 2, 5, 6, 4, 7]
Round 1325: [5, 3, 4, 1, 7, 2, 6]
Round 1326: [2, 6, 3, 1, 4, 7, 5]
Round 1327: [2, 7, 5, 4, 3, 6, 1]
Round 1328: [1, 3, 2, 7, 6, 4, 5]
Round 1329: [3, 7, 6, 2, 5, 4, 1]
Round 1330: [3, 6, 5, 4, 1, 7, 2]
Round 1331: [3, 4, 1, 5, 7, 6, 2]
Round 1332: [4, 5, 3, 2, 6, 1, 7]
Round 1333: [1, 6, 2, 5, 4, 7, 3]
Round 1334: [4, 3, 5, 1, 2, 7, 6]
Round 1335: [6, 7, 3, 4, 2, 1, 5]
Round 1336: [3, 4, 5, 2, 6, 7, 1]
Round 1337: [6, 1, 5, 7, 3, 2, 4]
Round 1338: [4, 5, 3, 2, 6, 1, 7]
Round 1339: [2, 6, 1, 5, 7, 4, 3]
Round 1340: [4, 6, 1, 2, 3, 5, 7]
Round 1341: [7, 4, 5, 3, 1, 6, 2]
Round 1342: [4, 3, 5, 2, 6, 1, 7]
Round 1343: [3, 1, 6, 2, 7, 4, 5]
Round 1344: [2, 5, 1, 6, 7, 3, 4]
Round 1345: [4, 1, 5, 6, 7, 3, 2]
Round 1346: [2, 1, 4, 7, 3, 5, 6]
Round 1347: [5, 1, 7, 2, 4, 3, 6]
Round 1348: [5, 6, 7, 4, 2, 3, 1]
Round 1349: [7, 2, 6, 4, 3, 5, 1]
Round 1350: [2, 6, 4, 3, 5, 7, 1]
Round 1351: [2, 5, 4, 7, 1, 3, 6]
Round 1352: [4, 6, 3, 1, 7, 5, 2]
Round 1353: [2, 4, 1, 7, 3, 6, 5]
Round 1354: [7, 3, 2, 1, 4, 5, 6]
Round 1355: [5, 4, 7, 2, 3, 6, 1]
Round 1356: [1, 4, 3, 2, 5, 6, 7]
Round 1357: [5, 7, 3, 4, 1, 2, 6]
Round 1358: [5, 1, 6, 2, 7, 4, 3]
Round 1359: [7, 2, 5, 4, 6, 1, 3]
Round 1360: [7, 3, 2, 1, 5, 6, 4]
Round 1361: [2, 4, 6, 1, 7, 3, 5]
Round 1362: [7, 6, 4, 5, 3, 2, 1]
Round 1363: [6, 7, 4, 3, 2, 1, 5]
Round 1364: [6, 3, 5, 7, 1, 4, 2]
Round 1365: [3, 6, 2, 4, 1, 5, 7]
Round 1366: [7, 1, 3, 4, 2, 6, 5]
Round 1367: [3, 5, 4, 6, 2, 7, 1]
Round 1368: [6, 3, 1, 4, 2, 5, 7]
Round 1369: [2, 6, 1, 4, 5, 3, 7]
Round 1370: [6, 4, 5, 7, 1, 2, 3]
Round 1371: [3, 5, 1, 4, 2, 7, 6]
Round 1372: [5, 3, 1, 6, 7, 2, 4]
Round 1373: [7, 2, 3, 5, 1, 6, 4]
Round 1374: [3, 4, 6, 2, 5, 7, 1]
Round 1375: [3, 7, 2, 6, 1, 4, 5]
Round 1376: [3, 7, 2, 4, 6, 1, 5]
Round 1377: [6, 3, 2, 4, 7, 5, 1]
Round 1378: [6, 7, 5, 3, 2, 1, 4]
Round 1379: [1, 6, 7, 2, 5, 4, 3]
Round 1380: [3, 6, 1, 5, 4, 7, 2]
Round 1381: [7, 4, 5, 1, 6, 3, 2]
Round 1382: [6, 5, 4, 1, 2, 3, 7]
Round 1383: [2, 4, 3, 1, 7, 5, 6]
Round 1384: [1, 5, 6, 4, 7, 3, 2]
Round 1385: [1, 5, 2, 3, 6, 7, 4]
Round 1386: [7, 5, 6, 4, 1, 3, 2]
Round 1387: [1, 4, 5, 7, 3, 6, 2]
Round 1388: [7, 1, 6, 3, 5, 4, 2]
Round 1389: [1, 3, 2, 5, 4, 7, 6]
Round 1390: [6, 2, 5, 3, 7, 1, 4]
Round 1391: [2, 4, 1, 6, 3, 5, 7]
Round 1392: [6, 5, 7, 4, 2, 3, 1]
Round 1393: [4, 2, 6, 3, 5, 1, 7]
Round 1394: [1, 6, 3, 4, 5, 7, 2]
Round 1395: [7, 3, 1, 4, 6, 2, 5]
Round 1396: [4, 5, 2, 1, 3, 7, 6]
Round 1397: [1, 2, 4, 5, 6, 3, 7]
Round 1398: [4, 2, 1, 6, 5, 7, 3]
Round 1399: [7, 5, 3, 4, 1, 2, 6]
Round 1400: [5, 2, 6, 7, 4, 1, 3]
Round 1401: [7, 6, 3, 1, 5, 4, 2]
Round 1402: [4, 5, 2, 3, 6, 7, 1]
Round 1403: [2, 1, 5, 7, 3, 4, 6]
Round 1404: [7, 4, 3, 2, 5, 1, 6]
Round 1405: [7, 5, 4, 2, 3, 6, 1]
Round 1406: [2, 7, 1, 5, 4, 3, 6]
Round 1407: [7, 2, 5, 1, 4, 3, 6]
Round 1408: [3, 6, 5, 4, 1, 7, 2]
Round 1409: [7, 3, 2, 1, 5, 4, 6]
Round 1410: [2, 6, 7, 4, 1, 3, 5]
Round 1411: [6, 7, 2, 5, 4, 1, 3]
Round 1412: [7, 6, 5, 2, 3, 4, 1]
Round 1413: [6, 7, 4, 2, 3, 5, 1]
Round 1414: [2, 3, 7, 6, 5, 1, 4]
Round 1415: [3, 4, 5, 1, 7, 6, 2]
Round 1416: [5, 4, 7, 2, 3, 1, 6]
Round 1417: [5, 6, 2, 3, 1, 7, 4]
Round 1418: [6, 2, 3, 7, 1, 4, 5]
Round 1419: [7, 5, 2, 6, 4, 3, 1]
Round 1420: [6, 3, 4, 2, 7, 1, 5]
Round 1421: [5, 3, 1, 2, 7, 4, 6]
Round 1422: [6, 3, 7, 5, 4, 1, 2]
Round 1423: [5, 4, 7, 6, 1, 2, 3]
Round 1424: [1, 4, 5, 3, 7, 6, 2]
Round 1425: [7, 1, 2, 4, 5, 3, 6]
Round 1426: [4, 5, 1, 6, 7, 3, 2]
Round 1427: [6, 1, 4, 7, 2, 3, 5]
Round 1428: [2, 4, 7, 5, 3, 1, 6]
Round 1429: [7, 3, 6, 1, 5, 4, 2]
Round 1430: [6, 4, 1, 7, 5, 3, 2]
Round 1431: [5, 1, 2, 7, 3, 4, 6]
Round 1432: [5, 3, 7, 6, 1, 4, 2]
Round 1433: [5, 1, 3, 4, 2, 7, 6]
Round 1434: [3, 1, 7, 4, 6, 2, 5]
Round 1435: [4, 1, 2, 7, 6, 5, 3]
Round 1436: [7, 3, 5, 4, 1, 2, 6]
Round 1437: [3, 1, 4, 5, 7, 2, 6]
Round 1438: [3, 2, 1, 5, 4, 7, 6]
Round 1439: [7, 2, 5, 4, 3, 6, 1]
Round 1440: [4, 1, 2, 7, 6, 3, 5]
Round 1441: [7, 4, 6, 3, 1, 5, 2]
Round 1442: [7, 1, 2, 5, 6, 3, 4]
Round 1443: [5, 1, 2, 7, 4, 6, 3]
Round 1444: [3, 4, 6, 1, 2, 5, 7]
Round 1445: [4, 5, 7, 6, 1, 3, 2]
Round 1446: [6, 5, 3, 1, 2, 7, 4]
Round 1447: [2, 3, 4, 5, 7, 1, 6]
Round 1448: [4, 7, 5, 1, 6, 3, 2]
Round 1449: [6, 7, 2, 5, 1, 3, 4]
Round 1450: [1, 6, 7, 5, 3, 4, 2]
Round 1451: [6, 5, 2, 3, 4, 7, 1]
Round 1452: [4, 3, 7, 5, 2, 1, 6]
Round 1453: [6, 4, 2, 5, 7, 1, 3]
Round 1454: [1, 4, 5, 2, 3, 7, 6]
Round 1455: [6, 2, 7, 1, 3, 5, 4]
Round 1456: [1, 4, 7, 5, 3, 6, 2]
Round 1457: [2, 6, 1, 3, 7, 4, 5]
Round 1458: [2, 7, 4, 5, 1, 6, 3]
Round 1459: [2, 4, 3, 1, 7, 5, 6]
Round 1460: [3, 7, 4, 2, 1, 6, 5]
Round 1461: [1, 4, 2, 7, 6, 5, 3]
Round 1462: [6, 5, 3, 4, 2, 7, 1]
Round 1463: [1, 6, 2, 7, 4, 5, 3]
Round 1464: [3, 7, 4, 5, 2, 1, 6]
Round 1465: [1, 2, 7, 6, 3, 4, 5]
Round 1466: [3, 2, 6, 5, 4, 1, 7]
Round 1467: [6, 1, 4, 2, 5, 3, 7]
Round 1468: [1, 2, 3, 4, 5, 6, 7]
