Initial order: [2, 3, 5, 6, 1, 4, 7]
=== Shuffle to increasing order ===
Round 1: [4, 2, 5, 1, 3, 7, 6]
Round 2: [3, 6, 5, 2, 7, 1, 4]
Round 3: [6, 2, 4, 3, 7, 1, 5]
Round 4: [5, 1, 7, 3, 4, 2, 6]
Round 5: [7, 4, 5, 2, 3, 6, 1]
Round 6: [3, 5, 2, 6, 7, 4, 1]
Round 7: [5, 7, 6, 4, 3, 2, 1]
Round 8: [7, 3, 6, 4, 5, 2, 1]
Round 9: [7, 5, 6, 4, 1, 3, 2]
Round 10: [5, 4, 2, 6, 1, 3, 7]
Round 11: [3, 2, 6, 7, 1, 5, 4]
Round 12: [7, 1, 2, 3, 4, 6, 5]
Round 13: [6, 3, 7, 4, 1, 2, 5]
Round 14: [1, 5, 2, 4, 3, 7, 6]
Round 15: [7, 2, 5, 3, 4, 1, 6]
Round 16: [2, 5, 1, 7, 3, 4, 6]
Round 17: [4, 1, 2, 5, 6, 3, 7]
Round 18: [6, 1, 2, 4, 5, 3, 7]
Round 19: [7, 1, 3, 4, 2, 6, 5]
Round 20: [1, 2, 7, 5, 4, 6, 3]
Round 21: [7, 6, 4, 3, 1, 2, 5]
Round 22: [6, 4, 1, 3, 5, 2, 7]
Round 23: [6, 3, 1, 2, 4, 5, 7]
Round 24: [1, 7, 2, 3, 6, 4, 5]
Round 25: [7, 6, 5, 2, 1, 4, 3]
Round 26: [2, 7, 3, 4, 1, 6, 5]
Round 27: [7, 1, 2, 4, 3, 6, 5]
Round 28: [5, 4, 2, 6, 7, 1, 3]
Round 29: [3, 6, 5, 1, 7, 2, 4]
Round 30: [1, 2, 5, 7, 3, 4, 6]
Round 31: [5, 4, 3, 6, 2, 1, 7]
Round 32: [7, 4, 1, 3, 5, 6, 2]
Round 33: [2, 6, 7, 5, 1, 4, 3]
Round 34: [1, 5, 4, 2, 3, 6, 7]
Round 35: [2, 7, 6, 5, 3, 4, 1]
Round 36: [5, 7, 1, 4, 3, 6, 2]
Round 37: [3, 2, 1, 5, 4, 7, 6]
Round 38: [4, 2, 6, 5, 3, 1, 7]
Round 39: [5, 3, 1, 7, 2, 4, 6]
Round 40: [4, 2, 7, 3, 5, 6, 1]
Round 41: [5, 7, 3, 1, 6, 2, 4]
Round 42: [2, 5, 1, 6, 3, 7, 4]
Round 43: [2, 7, 5, 3, 4, 1, 6]
Round 44: [1, 4, 5, 3, 6, 7, 2]
Round 45: [4, 5, 2, 7, 1, 6, 3]
Round 46: [7, 1, 6, 2, 5, 4, 3]
Round 47: [4, 5, 3, 2, 7, 1, 6]
Round 48: [5, 6, 2, 7, 1, 4, 3]
Round 49: [1, 6, 3, 2, 7, 5, 4]
Round 50: [1, 2, 5, 4, 6, 3, 7]
Round 51: [3, 2, 1, 7, 4, 6, 5]
Round 52: [2, 6, 3, 7, 1, 4, 5]
Round 53: [5, 2, 1, 7, 3, 4, 6]
Round 54: [4, 3, 6, 1, 5, 2, 7]
Round 55: [4, 5, 1, 3, 2, 7, 6]
Round 56: [4, 1, 7, 6, 3, 5, 2]
Round 57: [4, 7, 6, 1, 3, 5, 2]
Round 58: [4, 3, 5, 6, 7, 1, 2]
Round 59: [1, 4, 6, 7, 2, 3, 5]
Round 60: [2, 5, 4, 1, 7, 6, 3]
Round 61: [2, 6, 3, 1, 7, 4, 5]
Round 62: [6, 7, 4, 2, 1, 3, 5]
Round 63: [7, 1, 3, 2, 5, 4, 6]
Round 64: [4, 3, 7, 6, 5, 2, 1]
Round 65: [7, 1, 6, 5, 3, 2, 4]
Round 66: [6, 1, 4, 2, 7, 5, 3]
Round 67: [4, 2, 5, 1, 7, 3, 6]
Round 68: [6, 5, 7, 1, 4, 2, 3]
Round 69: [7, 6, 4, 5, 2, 1, 3]
Round 70: [4, 1, 6, 2, 3, 5, 7]
Round 71: [2, 7, 6, 5, 3, 1, 4]
Round 72: [5, 4, 7, 2, 6, 3, 1]
Round 73: [5, 3, 1, 7, 4, 2, 6]
Round 74: [5, 6, 1, 2, 4, 3, 7]
Round 75: [1, 6, 2, 7, 3, 4, 5]
Round 76: [5, 2, 3, 7, 4, 1, 6]
Round 77: [1, 4, 3, 6, 5, 2, 7]
Round 78: [7, 1, 3, 6, 4, 5, 2]
Round 79: [5, 7, 4, 2, 3, 6, 1]
Round 80: [1, 6, 3, 2, 5, 4, 7]
Round 81: [2, 4, 1, 6, 3, 5, 7]
Round 82: [6, 5, 3, 1, 7, 4, 2]
Round 83: [3, 6, 2, 4, 1, 7, 5]
Round 84: [3, 1, 4, 6, 2, 5, 7]
Round 85: [1, 5, 3, 4, 2, 6, 7]
Round 86: [2, 4, 1, 6, 3, 7, 5]
Round 87: [1, 2, 3, 4, 7, 5, 6]
Round 88: [2, 3, 6, 5, 4, 1, 7]
Round 89: [6, 5, 7, 2, 3, 1, 4]
Round 90: [3, 1, 4, 7, 5, 2, 6]
Round 91: [5, 3, 1, 4, 7, 6, 2]
Round 92: [5, 3, 2, 1, 6, 4, 7]
Round 93: [5, 3, 1, 2, 7, 4, 6]
Round 94: [2, 3, 7, 5, 4, 6, 1]
Round 95: [5, 2, 6, 7, 3, 1, 4]
Round 96: [5, 1, 3, 2, 7, 4, 6]
Round 97: [7, 3, 2, 5, 6, 4, 1]
Round 98: [2, 1, 7, 6, 4, 3, 5]
Round 99: [1, 4, 7, 3, 6, 2, 5]
Round 100: [3, 1, 7, 5, 6, 2, 4]
Round 101: [1, 2, 4, 5, 6, 7, 3]
Round 102: [2, 6, 1, 3, 5, 7, 4]
Round 103: [3, 6, 2, 1, 4, 5, 7]
Round 104: [1, 3, 4, 6, 7, 2, 5]
Round 105: [6, 5, 2, 7, 1, 3, 4]
Round 106: [1, 4, 6, 2, 7, 5, 3]
Round 107: [1, 4, 6, 7, 3, 2, 5]
Round 108: [1, 4, 2, 5, 6, 7, 3]
Round 109: [3, 5, 2, 6, 1, 7, 4]
Round 110: [1, 4, 3, 6, 5, 7, 2]
Round 111: [4, 1, 7, 2, 6, 5, 3]
Round 112: [1, 7, 2, 3, 4, 6, 5]
Round 113: [7, 2, 1, 6, 4, 3, 5]
Round 114: [4, 7, 1, 6, 3, 2, 5]
Round 115: [4, 5, 1, 7, 2, 3, 6]
Round 116: [3, 4, 2, 5, 1, 7, 6]
Round 117: [5, 4, 2, 6, 7, 1, 3]
Round 118: [2, 7, 3, 4, 6, 5, 1]
Round 119: [5, 7, 1, 6, 3, 4, 2]
Round 120: [3, 2, 7, 4, 6, 1, 5]
Round 121: [5, 2, 4, 6, 7, 3, 1]
Round 122: [6, 1, 7, 2, 5, 4, 3]
Round 123: [1, 4, 5, 6, 2, 7, 3]
Round 124: [5, 6, 1, 4, 2, 3, 7]
Round 125: [5, 1, 7, 4, 2, 6, 3]
Round 126: [6, 7, 2, 4, 1, 3, 5]
Round 127: [5, 6, 4, 2, 1, 7, 3]
Round 128: [2, 1, 6, 4, 3, 5, 7]
Round 129: [1, 3, 5, 6, 2, 4, 7]
Round 130: [7, 3, 4, 2, 6, 5, 1]
Round 131: [4, 5, 2, 1, 3, 7, 6]
Round 132: [5, 1, 3, 4, 2, 6, 7]
Round 133: [6, 1, 2, 7, 4, 3, 5]
Round 134: [7, 5, 2, 6, 1, 3, 4]
Round 135: [5, 2, 6, 7, 3, 1, 4]
Round 136: [7, 6, 5, 2, 3, 4, 1]
Round 137: [7, 2, 3, 5, 6, 4, 1]
Round 138: [5, 7, 4, 6, 3, 1, 2]
Round 139: [1, 3, 5, 6, 4, 7, 2]
Round 140: [3, 2, 7, 4, 1, 6, 5]
Round 141: [4, 7, 6, 1, 2, 5, 3]
Round 142: [1, 5, 3, 2, 4, 6, 7]
Round 143: [4, 7, 6, 3, 1, 2, 5]
Round 144: [3, 2, 4, 1, 5, 7, 6]
Round 145: [4, 5, 2, 7, 1, 6, 3]
Round 146: [6, 2, 5, 3, 1, 4, 7]
Round 147: [2, 5, 3, 6, 4, 7, 1]
Round 148: [6, 4, 5, 7, 1, 2, 3]
Round 149: [6, 5, 4, 1, 2, 3, 7]
Round 150: [7, 4, 6, 1, 2, 5, 3]
Round 151: [7, 5, 2, 1, 6, 3, 4]
Round 152: [5, 4, 6, 2, 7, 1, 3]
Round 153: [6, 7, 2, 3, 5, 1, 4]
Round 154: [5, 4, 7, 1, 3, 2, 6]
Round 155: [7, 3, 6, 5, 1, 2, 4]
Round 156: [1, 5, 4, 2, 3, 7, 6]
Round 157: [7, 4, 2, 1, 6, 5, 3]
Round 158: [7, 2, 5, 4, 1, 3, 6]
Round 159: [2, 4, 3, 1, 6, 5, 7]
Round 160: [4, 1, 3, 7, 5, 2, 6]
Round 161: [7, 2, 1, 6, 3, 5, 4]
Round 162: [4, 7, 3, 1, 2, 6, 5]
Round 163: [2, 5, 7, 1, 6, 3, 4]
Round 164: [4, 5, 6, 2, 1, 3, 7]
Round 165: [7, 5, 4, 1, 2, 6, 3]
Round 166: [5, 3, 6, 2, 1, 7, 4]
Round 167: [2, 4, 1, 6, 5, 3, 7]
Round 168: [4, 3, 6, 2, 1, 7, 5]
Round 169: [6, 2, 5, 4, 7, 3, 1]
Round 170: [3, 1, 5, 4, 7, 6, 2]
Round 171: [5, 1, 4, 2, 7, 3, 6]
Round 172: [5, 1, 4, 6, 7, 3, 2]
Round 173: [6, 3, 1, 5, 7, 4, 2]
Round 174: [4, 6, 2, 5, 1, 3, 7]
Round 175: [5, 3, 7, 4, 1, 6, 2]
Round 176: [3, 1, 6, 4, 7, 5, 2]
Round 177: [7, 4, 3, 2, 6, 5, 1]
Round 178: [5, 4, 7, 3, 2, 1, 6]
Round 179: [3, 6, 5, 7, 2, 4, 1]
Round 180: [3, 4, 7, 5, 6, 1, 2]
Round 181: [1, 5, 7, 4, 6, 2, 3]
Round 182: [2, 3, 4, 6, 7, 1, 5]
Round 183: [5, 7, 3, 6, 2, 1, 4]
Round 184: [7, 2, 5, 1, 6, 4, 3]
Round 185: [6, 1, 7, 5, 4, 2, 3]
Round 186: [5, 1, 4, 7, 2, 6, 3]
Round 187: [3, 7, 2, 5, 1, 6, 4]
Round 188: [2, 1, 6, 4, 3, 5, 7]
Round 189: [6, 4, 3, 7, 2, 5, 1]
Round 190: [5, 4, 7, 1, 6, 2, 3]
Round 191: [4, 6, 5, 2, 7, 3, 1]
Round 192: [1, 3, 6, 5, 2, 7, 4]
Round 193: [1, 5, 6, 7, 4, 3, 2]
Round 194: [5, 1, 6, 2, 7, 3, 4]
Round 195: [2, 5, 1, 7, 3, 6, 4]
Round 196: [4, 7, 2, 6, 3, 5, 1]
Round 197: [6, 7, 1, 3, 2, 5, 4]
Round 198: [6, 2, 3, 1, 5, 7, 4]
Round 199: [5, 3, 1, 6, 4, 7, 2]
Round 200: [6, 7, 5, 2, 4, 3, 1]
Round 201: [2, 1, 5, 4, 6, 3, 7]
Round 202: [5, 3, 2, 4, 7, 6, 1]
Round 203: [6, 7, 1, 2, 5, 4, 3]
Round 204: [5, 2, 3, 4, 7, 6, 1]
Round 205: [6, 7, 1, 3, 2, 5, 4]
Round 206: [5, 3, 4, 2, 1, 6, 7]
Round 207: [3, 1, 4, 7, 2, 5, 6]
Round 208: [1, 2, 6, 5, 3, 4, 7]
Round 209: [2, 1, 5, 3, 7, 4, 6]
Round 210: [6, 7, 3, 4, 1, 5, 2]
Round 211: [7, 1, 5, 6, 3, 4, 2]
Round 212: [1, 2, 4, 3, 7, 5, 6]
Round 213: [5, 2, 4, 7, 1, 6, 3]
Round 214: [2, 4, 5, 7, 1, 6, 3]
Round 215: [6, 2, 4, 1, 3, 5, 7]
Round 216: [5, 4, 2, 7, 1, 6, 3]
Round 217: [1, 7, 5, 4, 2, 6, 3]
Round 218: [2, 5, 4, 7, 1, 6, 3]
Round 219: [4, 7, 6, 3, 2, 5, 1]
Round 220: [4, 3, 6, 2, 5, 7, 1]
Round 221: [7, 6, 1, 5, 4, 2, 3]
Round 222: [7, 5, 6, 4, 3, 1, 2]
Round 223: [5, 3, 6, 4, 2, 1, 7]
Round 224: [1, 2, 5, 7, 6, 4, 3]
Round 225: [1, 5, 2, 6, 7, 4, 3]
Round 226: [5, 3, 4, 6, 7, 2, 1]
Round 227: [6, 4, 5, 3, 2, 1, 7]
Round 228: [6, 7, 4, 5, 2, 1, 3]
Round 229: [1, 3, 2, 6, 7, 5, 4]
Round 230: [4, 3, 5, 7, 2, 6, 1]
Round 231: [1, 6, 3, 5, 7, 2, 4]
Round 232: [3, 7, 2, 4, 1, 5, 6]
Round 233: [6, 4, 7, 3, 5, 2, 1]
Round 234: [5, 6, 4, 7, 2, 1, 3]
Round 235: [3, 6, 5, 1, 2, 7, 4]
Round 236: [7, 5, 6, 3, 1, 4, 2]
Round 237: [1, 6, 2, 3, 4, 7, 5]
Round 238: [2, 6, 3, 1, 4, 7, 5]
Round 239: [1, 7, 6, 4, 5, 2, 3]
Round 240: [4, 3, 5, 6, 1, 7, 2]
Round 241: [6, 5, 7, 2, 4, 3, 1]
Round 242: [5, 1, 2, 4, 6, 3, 7]
Round 243: [3, 4, 1, 2, 6, 5, 7]
Round 244: [7, 5, 1, 2, 6, 3, 4]
Round 245: [7, 4, 2, 3, 1, 5, 6]
Round 246: [5, 2, 7, 1, 3, 4, 6]
Round 247: [2, 3, 1, 7, 5, 4, 6]
Round 248: [4, 7, 5, 3, 6, 1, 2]
Round 249: [7, 3, 1, 5, 6, 4, 2]
Round 250: [7, 4, 2, 6, 5, 1, 3]
Round 251: [4, 6, 1, 3, 7, 5, 2]
Round 252: [7, 1, 2, 4, 5, 3, 6]
Round 253: [1, 7, 2, 3, 5, 4, 6]
Round 254: [6, 4, 2, 5, 3, 7, 1]
Round 255: [2, 3, 6, 7, 1, 5, 4]
Round 256: [5, 4, 2, 6, 3, 7, 1]
Round 257: [4, 3, 6, 1, 2, 5, 7]
Round 258: [4, 7, 6, 3, 2, 1, 5]
Round 259: [3, 2, 7, 6, 1, 5, 4]
Round 260: [7, 2, 6, 4, 3, 5, 1]
Round 261: [1, 2, 7, 4, 3, 6, 5]
Round 262: [4, 7, 1, 6, 5, 2, 3]
Round 263: [2, 1, 6, 7, 5, 4, 3]
Round 264: [4, 2, 7, 3, 1, 5, 6]
Round 265: [5, 7, 2, 6, 4, 3, 1]
Round 266: [4, 6, 2, 3, 7, 5, 1]
Round 267: [1, 5, 4, 7, 6, 3, 2]
Round 268: [5, 7, 3, 4, 6, 2, 1]
Round 269: [3, 5, 4, 2, 6, 1, 7]
Round 270: [7, 4, 2, 5, 6, 1, 3]
Round 271: [7, 2, 1, 6, 5, 4, 3]
Round 272: [1, 2, 3, 7, 6, 4, 5]
Round 273: [7, 1, 4, 5, 6, 3, 2]
Round 274: [4, 6, 1, 2, 5, 7, 3]
Round 275: [4, 2, 5, 3, 6, 7, 1]
Round 276: [2, 7, 3, 4, 6, 5, 1]
Round 277: [2, 5, 3, 6, 1, 7, 4]
Round 278: [4, 3, 7, 5, 2, 6, 1]
Round 279: [7, 3, 2, 1, 4, 5, 6]
Round 280: [2, 3, 7, 4, 1, 5, 6]
Round 281: [7, 2, 4, 1, 6, 5, 3]
Round 282: [5, 2, 6, 1, 3, 4, 7]
Round 283: [1, 5, 3, 4, 6, 2, 7]
Round 284: [2, 7, 1, 6, 5, 4, 3]
Round 285: [3, 6, 1, 7, 2, 5, 4]
Round 286: [7, 6, 5, 2, 3, 1, 4]
Round 287: [2, 6, 7, 3, 4, 1, 5]
Round 288: [2, 5, 4, 1, 3, 7, 6]
Round 289: [7, 6, 4, 2, 1, 5, 3]
Round 290: [7, 3, 6, 1, 5, 4, 2]
Round 291: [7, 1, 4, 2, 5, 3, 6]
Round 292: [6, 7, 3, 2, 4, 5, 1]
Round 293: [1, 6, 3, 2, 7, 4, 5]
Round 294: [6, 7, 1, 5, 2, 4, 3]
Round 295: [6, 7, 2, 3, 4, 5, 1]
Round 296: [1, 4, 5, 7, 2, 3, 6]
Round 297: [7, 1, 5, 2, 4, 6, 3]
Round 298: [2, 1, 3, 6, 5, 4, 7]
Round 299: [6, 4, 7, 1, 3, 5, 2]
Round 300: [4, 3, 1, 6, 7, 5, 2]
Round 301: [5, 7, 4, 3, 1, 2, 6]
Round 302: [1, 6, 3, 7, 5, 4, 2]
Round 303: [2, 6, 4, 3, 1, 7, 5]
Round 304: [2, 5, 7, 4, 6, 3, 1]
Round 305: [5, 2, 6, 4, 1, 7, 3]
Round 306: [3, 7, 5, 2, 1, 4, 6]
Round 307: [1, 3, 4, 7, 2, 5, 6]
Round 308: [4, 2, 7, 3, 6, 5, 1]
Round 309: [2, 3, 7, 5, 6, 4, 1]
Round 310: [7, 4, 3, 2, 1, 5, 6]
Round 311: [6, 4, 1, 2, 5, 3, 7]
Round 312: [3, 6, 4, 5, 1, 2, 7]
Round 313: [6, 4, 1, 7, 5, 2, 3]
Round 314: [3, 1, 2, 5, 7, 6, 4]
Round 315: [5, 1, 7, 6, 3, 4, 2]
Round 316: [1, 4, 5, 7, 2, 3, 6]
Round 317: [4, 5, 6, 1, 3, 2, 7]
Round 318: [4, 7, 1, 5, 3, 2, 6]
Round 319: [7, 2, 4, 3, 1, 6, 5]
Round 320: [1, 2, 3, 4, 5, 6, 7]
