Initial order: [2, 3, 5, 6, 1, 4, 7]
=== Shuffle to decreasing order ===
Round 1: [6, 1, 4, 5, 2, 7, 3]
Round 2: [6, 2, 3, 5, 4, 1, 7]
Round 3: [1, 5, 2, 7, 6, 3, 4]
Round 4: [4, 7, 3, 5, 1, 6, 2]
Round 5: [6, 7, 4, 3, 2, 1, 5]
Round 6: [3, 5, 1, 6, 2, 7, 4]
Round 7: [4, 1, 3, 5, 7, 2, 6]
Round 8: [1, 2, 3, 6, 7, 4, 5]
Round 9: [3, 6, 7, 5, 1, 4, 2]
Round 10: [5, 6, 7, 1, 2, 4, 3]
Round 11: [3, 7, 4, 5, 1, 2, 6]
Round 12: [2, 1, 6, 3, 4, 5, 7]
Round 13: [2, 3, 5, 4, 1, 6, 7]
Round 14: [6, 2, 7, 5, 3, 4, 1]
Round 15: [7, 3, 4, 2, 6, 5, 1]
Round 16: [5, 3, 4, 7, 1, 2, 6]
Round 17: [4, 3, 1, 2, 6, 5, 7]
Round 18: [4, 1, 7, 5, 2, 3, 6]
Round 19: [3, 7, 2, 5, 1, 6, 4]
Round 20: [1, 4, 2, 7, 6, 3, 5]
Round 21: [7, 1, 5, 4, 2, 3, 6]
Round 22: [4, 6, 2, 1, 5, 7, 3]
Round 23: [2, 7, 5, 1, 3, 6, 4]
Round 24: [7, 1, 6, 5, 4, 3, 2]
Round 25: [4, 5, 6, 7, 1, 3, 2]
Round 26: [3, 6, 2, 1, 4, 7, 5]
Round 27: [4, 1, 5, 3, 2, 7, 6]
Round 28: [4, 2, 6, 3, 7, 1, 5]
Round 29: [5, 2, 6, 1, 3, 7, 4]
Round 30: [4, 6, 7, 1, 2, 5, 3]
Round 31: [6, 1, 3, 5, 7, 2, 4]
Round 32: [3, 7, 4, 5, 6, 2, 1]
Round 33: [3, 2, 1, 7, 6, 4, 5]
Round 34: [5, 7, 3, 1, 4, 6, 2]
Round 35: [7, 1, 2, 4, 5, 3, 6]
Round 36: [3, 2, 7, 1, 4, 6, 5]
Round 37: [5, 1, 6, 7, 3, 2, 4]
Round 38: [7, 2, 6, 5, 3, 1, 4]
Round 39: [6, 4, 7, 3, 1, 5, 2]
Round 40: [7, 6, 3, 5, 4, 1, 2]
Round 41: [1, 7, 3, 2, 4, 5, 6]
Round 42: [5, 6, 7, 3, 2, 4, 1]
Round 43: [4, 7, 3, 5, 6, 2, 1]
Round 44: [2, 7, 5, 3, 4, 6, 1]
Round 45: [2, 6, 3, 4, 7, 1, 5]
Round 46: [7, 5, 6, 4, 1, 3, 2]
Round 47: [7, 2, 5, 1, 4, 3, 6]
Round 48: [4, 6, 5, 2, 7, 1, 3]
Round 49: [7, 3, 2, 1, 5, 4, 6]
Round 50: [1, 2, 6, 7, 5, 3, 4]
Round 51: [6, 7, 5, 2, 1, 3, 4]
Round 52: [3, 1, 5, 6, 4, 2, 7]
Round 53: [6, 3, 1, 5, 2, 4, 7]
Round 54: [2, 1, 6, 4, 7, 5, 3]
Round 55: [4, 1, 7, 5, 2, 6, 3]
Round 56: [3, 6, 2, 5, 1, 4, 7]
Round 57: [6, 7, 3, 2, 1, 5, 4]
Round 58: [7, 1, 5, 4, 3, 2, 6]
Round 59: [2, 3, 7, 6, 5, 4, 1]
Round 60: [1, 6, 2, 3, 7, 4, 5]
Round 61: [4, 6, 2, 3, 7, 5, 1]
Round 62: [2, 6, 1, 7, 4, 3, 5]
Round 63: [1, 3, 6, 5, 2, 7, 4]
Round 64: [4, 3, 6, 7, 2, 5, 1]
Round 65: [3, 1, 5, 4, 7, 6, 2]
Round 66: [3, 5, 1, 7, 2, 4, 6]
Round 67: [6, 7, 4, 2, 5, 1, 3]
Round 68: [2, 1, 5, 3, 4, 7, 6]
Round 69: [2, 1, 4, 5, 7, 3, 6]
Round 70: [7, 3, 2, 5, 6, 1, 4]
Round 71: [5, 7, 3, 4, 6, 2, 1]
Round 72: [6, 7, 2, 1, 4, 5, 3]
Round 73: [5, 3, 7, 2, 1, 4, 6]
Round 74: [2, 7, 5, 3, 6, 1, 4]
Round 75: [6, 4, 7, 2, 1, 3, 5]
Round 76: [7, 4, 5, 2, 6, 1, 3]
Round 77: [1, 2, 3, 5, 6, 4, 7]
Round 78: [1, 3, 2, 4, 5, 6, 7]
Round 79: [4, 6, 3, 2, 7, 5, 1]
Round 80: [6, 5, 3, 4, 2, 7, 1]
Round 81: [6, 3, 1, 5, 4, 2, 7]
Round 82: [5, 4, 3, 7, 2, 6, 1]
Round 83: [4, 5, 1, 2, 7, 6, 3]
Round 84: [4, 5, 3, 6, 7, 2, 1]
Round 85: [7, 4, 3, 6, 1, 2, 5]
Round 86: [4, 3, 6, 1, 7, 5, 2]
Round 87: [1, 7, 3, 2, 6, 4, 5]
Round 88: [7, 5, 6, 3, 1, 4, 2]
Round 89: [5, 4, 1, 2, 6, 3, 7]
Round 90: [7, 1, 4, 3, 5, 2, 6]
Round 91: [5, 3, 6, 1, 4, 2, 7]
Round 92: [6, 5, 7, 1, 2, 3, 4]
Round 93: [2, 6, 4, 3, 1, 7, 5]
Round 94: [6, 5, 4, 7, 2, 3, 1]
Round 95: [4, 7, 2, 6, 1, 5, 3]
Round 96: [2, 7, 6, 5, 4, 3, 1]
Round 97: [2, 1, 6, 4, 5, 3, 7]
Round 98: [7, 3, 1, 6, 2, 5, 4]
Round 99: [6, 1, 3, 4, 5, 2, 7]
Round 100: [7, 4, 5, 6, 2, 3, 1]
Round 101: [3, 6, 1, 7, 2, 4, 5]
Round 102: [3, 6, 7, 1, 5, 4, 2]
Round 103: [3, 4, 7, 6, 1, 2, 5]
Round 104: [6, 7, 4, 3, 5, 2, 1]
Round 105: [6, 5, 4, 2, 1, 7, 3]
Round 106: [6, 7, 2, 1, 4, 5, 3]
Round 107: [4, 6, 5, 3, 1, 7, 2]
Round 108: [3, 4, 7, 6, 5, 2, 1]
Round 109: [7, 1, 3, 5, 4, 2, 6]
Round 110: [7, 5, 1, 2, 3, 6, 4]
Round 111: [5, 7, 1, 4, 6, 3, 2]
Round 112: [6, 3, 4, 7, 1, 5, 2]
Round 113: [5, 4, 2, 7, 1, 3, 6]
Round 114: [3, 7, 6, 5, 2, 1, 4]
Round 115: [1, 6, 3, 4, 2, 5, 7]
Round 116: [3, 5, 6, 1, 4, 7, 2]
Round 117: [1, 5, 3, 6, 7, 2, 4]
Round 118: [3, 5, 2, 4, 7, 6, 1]
Round 119: [7, 2, 1, 5, 4, 3, 6]
Round 120: [4, 3, 2, 1, 6, 7, 5]
Round 121: [2, 7, 5, 6, 3, 1, 4]
Round 122: [6, 4, 5, 1, 3, 2, 7]
Round 123: [4, 2, 5, 3, 6, 7, 1]
Round 124: [5, 3, 6, 1, 4, 2, 7]
Round 125: [4, 2, 5, 1, 3, 7, 6]
Round 126: [3, 4, 6, 1, 2, 7, 5]
Round 127: [6, 5, 7, 2, 3, 4, 1]
Round 128: [1, 5, 2, 4, 7, 3, 6]
Round 129: [2, 4, 1, 6, 7, 5, 3]
Round 130: [6, 7, 4, 2, 3, 1, 5]
Round 131: [5, 3, 7, 6, 2, 4, 1]
Round 132: [4, 6, 2, 3, 5, 7, 1]
Round 133: [3, 5, 4, 7, 1, 6, 2]
Round 134: [6, 5, 3, 1, 7, 4, 2]
Round 135: [7, 6, 2, 3, 1, 4, 5]
Round 136: [3, 2, 7, 4, 1, 5, 6]
Round 137: [4, 7, 2, 5, 1, 6, 3]
Round 138: [6, 4, 1, 5, 2, 3, 7]
Round 139: [2, 4, 7, 1, 3, 6, 5]
Round 140: [4, 2, 3, 1, 5, 6, 7]
Round 141: [4, 3, 7, 6, 5, 1, 2]
Round 142: [5, 2, 1, 6, 7, 3, 4]
Round 143: [7, 4, 6, 5, 2, 3, 1]
Round 144: [6, 4, 3, 2, 7, 5, 1]
Round 145: [3, 4, 1, 2, 7, 5, 6]
Round 146: [5, 7, 2, 4, 1, 6, 3]
Round 147: [1, 3, 6, 7, 4, 5, 2]
Round 148: [2, 5, 7, 1, 4, 3, 6]
Round 149: [5, 3, 2, 1, 4, 7, 6]
Round 150: [3, 7, 6, 2, 1, 4, 5]
Round 151: [5, 2, 1, 4, 3, 7, 6]
Round 152: [2, 5, 4, 6, 1, 7, 3]
Round 153: [1, 4, 7, 3, 5, 2, 6]
Round 154: [6, 3, 2, 4, 5, 7, 1]
Round 155: [6, 2, 1, 5, 4, 7, 3]
Round 156: [3, 6, 7, 1, 2, 4, 5]
Round 157: [6, 4, 3, 2, 5, 1, 7]
Round 158: [2, 1, 3, 6, 5, 4, 7]
Round 159: [6, 5, 4, 1, 7, 2, 3]
Round 160: [2, 7, 1, 5, 3, 4, 6]
Round 161: [4, 3, 6, 5, 2, 1, 7]
Round 162: [7, 1, 2, 3, 6, 5, 4]
Round 163: [3, 1, 6, 2, 7, 4, 5]
Round 164: [4, 2, 1, 5, 7, 6, 3]
Round 165: [3, 5, 6, 1, 4, 2, 7]
Round 166: [3, 7, 6, 4, 5, 1, 2]
Round 167: [1, 3, 7, 6, 2, 5, 4]
Round 168: [4, 7, 5, 3, 6, 2, 1]
Round 169: [6, 4, 5, 1, 3, 2, 7]
Round 170: [2, 1, 7, 3, 4, 5, 6]
Round 171: [4, 6, 5, 2, 7, 1, 3]
Round 172: [2, 6, 1, 7, 4, 5, 3]
Round 173: [3, 6, 7, 4, 5, 2, 1]
Round 174: [7, 1, 4, 2, 6, 3, 5]
Round 175: [1, 3, 4, 2, 7, 6, 5]
Round 176: [6, 2, 7, 5, 4, 3, 1]
Round 177: [3, 4, 6, 2, 5, 1, 7]
Round 178: [6, 3, 7, 1, 5, 4, 2]
Round 179: [1, 6, 5, 2, 7, 4, 3]
Round 180: [3, 6, 1, 2, 5, 7, 4]
Round 181: [6, 7, 3, 2, 4, 5, 1]
Round 182: [2, 1, 5, 3, 6, 7, 4]
Round 183: [1, 2, 4, 5, 7, 6, 3]
Round 184: [3, 6, 4, 1, 7, 5, 2]
Round 185: [5, 4, 1, 2, 6, 3, 7]
Round 186: [7, 5, 6, 2, 4, 1, 3]
Round 187: [7, 3, 1, 6, 5, 2, 4]
Round 188: [2, 7, 4, 6, 1, 5, 3]
Round 189: [1, 6, 4, 7, 2, 3, 5]
Round 190: [1, 7, 2, 6, 3, 5, 4]
Round 191: [5, 1, 6, 4, 7, 3, 2]
Round 192: [1, 2, 3, 7, 4, 6, 5]
Round 193: [5, 1, 2, 3, 7, 6, 4]
Round 194: [1, 4, 5, 7, 6, 3, 2]
Round 195: [1, 4, 6, 5, 2, 7, 3]
Round 196: [6, 5, 1, 4, 7, 3, 2]
Round 197: [1, 5, 7, 3, 2, 6, 4]
Round 198: [5, 2, 4, 1, 6, 3, 7]
Round 199: [7, 5, 2, 6, 3, 4, 1]
Round 200: [5, 3, 4, 6, 2, 7, 1]
Round 201: [4, 3, 7, 5, 6, 2, 1]
Round 202: [7, 6, 3, 5, 2, 4, 1]
Round 203: [1, 7, 6, 2, 3, 5, 4]
Round 204: [3, 6, 2, 1, 4, 5, 7]
Round 205: [2, 6, 1, 4, 3, 5, 7]
Round 206: [4, 3, 2, 6, 7, 1, 5]
Round 207: [7, 6, 2, 1, 5, 3, 4]
Round 208: [3, 5, 1, 2, 6, 4, 7]
Round 209: [1, 3, 4, 6, 2, 7, 5]
Round 210: [1, 5, 3, 7, 4, 2, 6]
Round 211: [2, 5, 7, 3, 6, 4, 1]
Round 212: [1, 7, 6, 5, 2, 3, 4]
Round 213: [6, 1, 5, 3, 7, 4, 2]
Round 214: [4, 1, 7, 5, 6, 3, 2]
Round 215: [7, 2, 1, 5, 3, 4, 6]
Round 216: [1, 6, 5, 3, 4, 2, 7]
Round 217: [2, 3, 7, 1, 6, 5, 4]
Round 218: [2, 7, 6, 1, 4, 5, 3]
Round 219: [2, 6, 1, 4, 5, 7, 3]
Round 220: [2, 1, 7, 6, 5, 3, 4]
Round 221: [4, 2, 7, 6, 1, 3, 5]
Round 222: [1, 2, 7, 6, 4, 5, 3]
Round 223: [3, 7, 2, 6, 5, 4, 1]
Round 224: [6, 4, 1, 2, 7, 3, 5]
Round 225: [6, 5, 1, 7, 4, 3, 2]
Round 226: [4, 5, 3, 7, 1, 6, 2]
Round 227: [2, 3, 4, 7, 1, 6, 5]
Round 228: [3, 6, 5, 4, 1, 2, 7]
Round 229: [5, 1, 4, 2, 3, 7, 6]
Round 230: [3, 4, 5, 7, 1, 6, 2]
Round 231: [4, 1, 6, 5, 3, 2, 7]
Round 232: [2, 1, 4, 6, 3, 5, 7]
Round 233: [5, 3, 7, 2, 6, 4, 1]
Round 234: [4, 1, 6, 2, 5, 3, 7]
Round 235: [1, 2, 5, 4, 6, 7, 3]
Round 236: [2, 4, 5, 6, 3, 7, 1]
Round 237: [6, 7, 4, 3, 5, 1, 2]
Round 238: [5, 2, 3, 4, 1, 6, 7]
Round 239: [1, 4, 6, 3, 5, 2, 7]
Round 240: [1, 3, 5, 4, 2, 7, 6]
Round 241: [5, 4, 1, 6, 7, 2, 3]
Round 242: [6, 4, 3, 7, 1, 2, 5]
Round 243: [5, 2, 7, 3, 1, 6, 4]
Round 244: [6, 7, 5, 2, 1, 4, 3]
Round 245: [6, 7, 4, 1, 2, 3, 5]
Round 246: [3, 6, 7, 1, 4, 5, 2]
Round 247: [7, 3, 6, 1, 2, 5, 4]
Round 248: [7, 2, 3, 1, 6, 4, 5]
Round 249: [1, 3, 4, 2, 7, 6, 5]
Round 250: [3, 5, 4, 7, 2, 1, 6]
Round 251: [1, 3, 4, 5, 2, 7, 6]
Round 252: [3, 4, 1, 2, 6, 7, 5]
Round 253: [4, 1, 3, 7, 5, 6, 2]
Round 254: [2, 3, 4, 6, 7, 5, 1]
Round 255: [1, 6, 3, 4, 5, 7, 2]
Round 256: [4, 7, 3, 5, 1, 2, 6]
Round 257: [5, 2, 1, 3, 6, 7, 4]
Round 258: [6, 3, 1, 2, 4, 7, 5]
Round 259: [6, 3, 4, 2, 5, 7, 1]
Round 260: [2, 5, 6, 1, 4, 7, 3]
Round 261: [1, 4, 5, 7, 3, 2, 6]
Round 262: [7, 1, 6, 2, 3, 5, 4]
Round 263: [3, 4, 6, 7, 2, 5, 1]
Round 264: [3, 4, 1, 2, 5, 6, 7]
Round 265: [6, 7, 5, 3, 2, 1, 4]
Round 266: [2, 5, 7, 4, 3, 6, 1]
Round 267: [3, 2, 1, 4, 6, 5, 7]
Round 268: [7, 6, 1, 3, 2, 4, 5]
Round 269: [1, 7, 6, 2, 3, 5, 4]
Round 270: [7, 3, 5, 4, 2, 6, 1]
Round 271: [1, 3, 7, 2, 6, 4, 5]
Round 272: [3, 2, 7, 5, 4, 6, 1]
Round 273: [5, 1, 2, 4, 6, 3, 7]
Round 274: [2, 5, 4, 7, 1, 3, 6]
Round 275: [6, 5, 4, 1, 3, 7, 2]
Round 276: [6, 3, 5, 1, 4, 7, 2]
Round 277: [4, 1, 6, 5, 2, 7, 3]
Round 278: [6, 4, 5, 2, 1, 7, 3]
Round 279: [4, 7, 6, 1, 2, 5, 3]
Round 280: [5, 6, 7, 2, 1, 3, 4]
Round 281: [5, 6, 3, 2, 4, 1, 7]
Round 282: [1, 7, 6, 4, 2, 5, 3]
Round 283: [5, 7, 4, 2, 3, 6, 1]
Round 284: [1, 3, 2, 7, 5, 6, 4]
Round 285: [7, 3, 5, 4, 1, 6, 2]
Round 286: [7, 6, 3, 4, 1, 5, 2]
Round 287: [5, 1, 3, 2, 6, 7, 4]
Round 288: [5, 7, 4, 2, 1, 6, 3]
Round 289: [7, 5, 4, 1, 3, 2, 6]
Round 290: [6, 1, 5, 7, 4, 3, 2]
Round 291: [6, 4, 1, 7, 5, 2, 3]
Round 292: [4, 5, 7, 2, 1, 6, 3]
Round 293: [6, 7, 1, 3, 5, 4, 2]
Round 294: [7, 6, 2, 1, 3, 5, 4]
Round 295: [1, 6, 3, 4, 2, 5, 7]
Round 296: [5, 6, 3, 2, 4, 7, 1]
Round 297: [4, 7, 6, 1, 2, 5, 3]
Round 298: [3, 2, 4, 5, 6, 7, 1]
Round 299: [4, 2, 7, 6, 5, 1, 3]
Round 300: [4, 2, 6, 3, 5, 1, 7]
Round 301: [5, 4, 7, 2, 3, 6, 1]
Round 302: [1, 2, 4, 3, 6, 5, 7]
Round 303: [6, 5, 3, 2, 4, 7, 1]
Round 304: [1, 7, 3, 5, 6, 4, 2]
Round 305: [3, 6, 1, 5, 4, 7, 2]
Round 306: [2, 6, 7, 3, 1, 5, 4]
Round 307: [6, 4, 5, 1, 7, 3, 2]
Round 308: [4, 5, 3, 2, 7, 6, 1]
Round 309: [5, 1, 7, 3, 2, 6, 4]
Round 310: [4, 1, 7, 2, 5, 3, 6]
Round 311: [6, 7, 2, 3, 5, 1, 4]
Round 312: [7, 4, 3, 5, 2, 6, 1]
Round 313: [2, 5, 6, 7, 3, 4, 1]
Round 314: [5, 2, 6, 4, 7, 3, 1]
Round 315: [7, 1, 6, 3, 5, 2, 4]
Round 316: [2, 7, 5, 4, 1, 3, 6]
Round 317: [4, 7, 5, 6, 2, 1, 3]
Round 318: [3, 5, 1, 6, 2, 7, 4]
Round 319: [2, 6, 5, 4, 1, 3, 7]
Round 320: [1, 5, 4, 3, 7, 2, 6]
Round 321: [7, 5, 1, 2, 4, 3, 6]
Round 322: [5, 1, 3, 6, 7, 2, 4]
Round 323: [3, 1, 6, 2, 7, 5, 4]
Round 324: [5, 1, 3, 7, 6, 2, 4]
Round 325: [5, 6, 7, 3, 4, 2, 1]
Round 326: [6, 1, 3, 2, 5, 7, 4]
Round 327: [2, 4, 3, 5, 7, 1, 6]
Round 328: [1, 3, 4, 7, 6, 5, 2]
Round 329: [1, 5, 4, 7, 3, 6, 2]
Round 330: [2, 4, 1, 3, 5, 7, 6]
Round 331: [7, 4, 1, 6, 5, 3, 2]
Round 332: [6, 7, 5, 1, 4, 2, 3]
Round 333: [5, 7, 6, 4, 3, 1, 2]
Round 334: [1, 3, 5, 4, 6, 2, 7]
Round 335: [2, 4, 7, 6, 3, 1, 5]
Round 336: [2, 6, 4, 1, 3, 7, 5]
Round 337: [1, 7, 6, 3, 4, 5, 2]
Round 338: [4, 2, 5, 7, 6, 1, 3]
Round 339: [2, 7, 3, 6, 5, 1, 4]
Round 340: [2, 7, 3, 1, 5, 6, 4]
Round 341: [4, 6, 1, 3, 2, 7, 5]
Round 342: [2, 3, 1, 6, 7, 5, 4]
Round 343: [1, 6, 2, 5, 3, 4, 7]
Round 344: [7, 4, 2, 3, 5, 1, 6]
Round 345: [6, 5, 4, 2, 7, 1, 3]
Round 346: [1, 5, 2, 3, 7, 4, 6]
Round 347: [5, 2, 1, 4, 7, 6, 3]
Round 348: [2, 5, 7, 1, 3, 4, 6]
Round 349: [4, 3, 1, 5, 7, 6, 2]
Round 350: [4, 5, 1, 3, 2, 7, 6]
Round 351: [6, 1, 5, 3, 4, 2, 7]
Round 352: [2, 7, 6, 4, 3, 1, 5]
Round 353: [6, 7, 4, 3, 5, 2, 1]
Round 354: [2, 1, 7, 5, 3, 6, 4]
Round 355: [5, 6, 3, 2, 4, 1, 7]
Round 356: [1, 4, 2, 7, 6, 5, 3]
Round 357: [2, 3, 1, 6, 4, 5, 7]
Round 358: [5, 1, 7, 4, 2, 6, 3]
Round 359: [1, 2, 4, 5, 3, 7, 6]
Round 360: [4, 3, 5, 7, 6, 2, 1]
Round 361: [7, 6, 2, 4, 1, 3, 5]
Round 362: [5, 6, 7, 4, 3, 2, 1]
Round 363: [6, 1, 5, 2, 7, 3, 4]
Round 364: [3, 5, 6, 4, 1, 2, 7]
Round 365: [7, 5, 4, 2, 6, 3, 1]
Round 366: [6, 1, 2, 5, 4, 3, 7]
Round 367: [7, 2, 5, 3, 6, 1, 4]
Round 368: [6, 1, 4, 7, 5, 2, 3]
Round 369: [2, 3, 6, 1, 7, 5, 4]
Round 370: [4, 7, 5, 2, 1, 3, 6]
Round 371: [5, 4, 1, 6, 7, 2, 3]
Round 372: [2, 3, 5, 1, 6, 4, 7]
Round 373: [5, 3, 6, 2, 1, 7, 4]
Round 374: [7, 6, 1, 4, 5, 3, 2]
Round 375: [3, 1, 4, 7, 5, 2, 6]
Round 376: [3, 2, 4, 6, 1, 7, 5]
Round 377: [4, 2, 5, 3, 6, 1, 7]
Round 378: [2, 3, 5, 4, 1, 7, 6]
Round 379: [1, 7, 3, 4, 6, 2, 5]
Round 380: [3, 2, 7, 5, 1, 4, 6]
Round 381: [7, 4, 5, 1, 6, 2, 3]
Round 382: [1, 6, 2, 4, 5, 3, 7]
Round 383: [1, 3, 4, 5, 7, 6, 2]
Round 384: [1, 7, 4, 5, 6, 2, 3]
Round 385: [7, 5, 1, 3, 4, 6, 2]
Round 386: [3, 4, 6, 1, 2, 7, 5]
Round 387: [2, 1, 4, 6, 3, 5, 7]
Round 388: [5, 1, 3, 2, 4, 7, 6]
Round 389: [1, 5, 7, 2, 6, 3, 4]
Round 390: [7, 2, 6, 5, 4, 1, 3]
Round 391: [1, 6, 7, 2, 3, 4, 5]
Round 392: [2, 3, 5, 4, 6, 1, 7]
Round 393: [6, 1, 4, 5, 2, 7, 3]
Round 394: [5, 7, 6, 2, 3, 1, 4]
Round 395: [7, 6, 5, 2, 3, 4, 1]
Round 396: [7, 3, 5, 1, 2, 4, 6]
Round 397: [4, 1, 3, 2, 5, 6, 7]
Round 398: [4, 7, 6, 2, 3, 1, 5]
Round 399: [5, 7, 3, 1, 4, 6, 2]
Round 400: [1, 6, 4, 3, 7, 5, 2]
Round 401: [2, 3, 4, 6, 1, 7, 5]
Round 402: [5, 6, 4, 1, 7, 2, 3]
Round 403: [5, 2, 1, 7, 4, 6, 3]
Round 404: [1, 5, 3, 4, 2, 6, 7]
Round 405: [5, 1, 4, 3, 6, 2, 7]
Round 406: [7, 5, 2, 3, 1, 6, 4]
Round 407: [1, 4, 2, 7, 3, 6, 5]
Round 408: [2, 1, 7, 5, 4, 6, 3]
Round 409: [7, 5, 2, 4, 6, 1, 3]
Round 410: [7, 4, 3, 2, 5, 6, 1]
Round 411: [3, 5, 7, 4, 1, 2, 6]
Round 412: [1, 6, 4, 2, 7, 3, 5]
Round 413: [2, 5, 1, 4, 3, 6, 7]
Round 414: [3, 7, 5, 2, 4, 6, 1]
Round 415: [4, 7, 6, 1, 5, 2, 3]
Round 416: [1, 4, 3, 7, 5, 6, 2]
Round 417: [6, 5, 3, 1, 4, 7, 2]
Round 418: [2, 1, 5, 3, 4, 7, 6]
Round 419: [7, 1, 6, 4, 2, 3, 5]
Round 420: [3, 4, 7, 6, 1, 5, 2]
Round 421: [3, 1, 6, 2, 4, 7, 5]
Round 422: [6, 4, 3, 2, 5, 1, 7]
Round 423: [4, 7, 5, 1, 3, 2, 6]
Round 424: [4, 3, 5, 1, 6, 2, 7]
Round 425: [2, 4, 3, 1, 7, 6, 5]
Round 426: [4, 6, 3, 5, 2, 7, 1]
Round 427: [1, 6, 2, 4, 7, 3, 5]
Round 428: [6, 3, 7, 5, 1, 2, 4]
Round 429: [4, 1, 6, 3, 5, 2, 7]
Round 430: [1, 4, 7, 6, 5, 3, 2]
Round 431: [5, 6, 3, 4, 1, 7, 2]
Round 432: [1, 2, 5, 6, 3, 7, 4]
Round 433: [4, 6, 7, 5, 1, 2, 3]
Round 434: [3, 5, 7, 2, 6, 1, 4]
Round 435: [1, 2, 3, 4, 7, 5, 6]
Round 436: [3, 1, 4, 7, 5, 2, 6]
Round 437: [7, 2, 3, 6, 5, 1, 4]
Round 438: [4, 5, 7, 1, 2, 6, 3]
Round 439: [2, 5, 7, 1, 3, 4, 6]
Round 440: [2, 4, 1, 6, 5, 7, 3]
Round 441: [3, 6, 2, 5, 7, 1, 4]
Round 442: [7, 4, 1, 5, 6, 3, 2]
Round 443: [5, 3, 6, 4, 2, 1, 7]
Round 444: [1, 2, 4, 6, 5, 7, 3]
Round 445: [4, 2, 3, 5, 7, 1, 6]
Round 446: [7, 1, 6, 5, 4, 3, 2]
Round 447: [7, 1, 4, 3, 5, 2, 6]
Round 448: [3, 4, 5, 1, 2, 6, 7]
Round 449: [2, 5, 7, 4, 6, 1, 3]
Round 450: [4, 7, 5, 3, 1, 2, 6]
Round 451: [6, 4, 7, 1, 3, 5, 2]
Round 452: [1, 3, 5, 4, 6, 2, 7]
Round 453: [2, 1, 7, 4, 6, 5, 3]
Round 454: [7, 4, 6, 2, 1, 3, 5]
Round 455: [2, 7, 5, 1, 3, 4, 6]
Round 456: [3, 6, 5, 4, 2, 1, 7]
Round 457: [2, 1, 4, 6, 3, 5, 7]
Round 458: [7, 2, 4, 3, 1, 6, 5]
Round 459: [4, 5, 1, 6, 7, 3, 2]
Round 460: [6, 7, 3, 5, 1, 2, 4]
Round 461: [2, 7, 6, 5, 3, 4, 1]
Round 462: [7, 2, 3, 1, 6, 5, 4]
Round 463: [1, 4, 5, 7, 3, 6, 2]
Round 464: [4, 1, 2, 7, 3, 6, 5]
Round 465: [5, 7, 4, 3, 6, 2, 1]
Round 466: [3, 7, 5, 2, 6, 1, 4]
Round 467: [4, 5, 7, 6, 2, 1, 3]
Round 468: [4, 3, 2, 6, 5, 7, 1]
Round 469: [7, 6, 5, 4, 3, 2, 1]
