Initial order: [1, 3, 7, 2, 6, 5, 4]
=== Shuffle to decreasing order ===
Round 1: [5, 2, 3, 1, 7, 4, 6]
Round 2: [4, 2, 1, 6, 7, 5, 3]
Round 3: [2, 3, 5, 7, 1, 6, 4]
Round 4: [6, 1, 2, 4, 3, 5, 7]
Round 5: [6, 7, 4, 3, 1, 2, 5]
Round 6: [5, 3, 7, 4, 1, 2, 6]
Round 7: [1, 7, 2, 6, 3, 5, 4]
Round 8: [7, 1, 2, 5, 4, 6, 3]
Round 9: [5, 7, 6, 2, 3, 4, 1]
Round 10: [3, 4, 1, 5, 2, 6, 7]
Round 11: [1, 2, 4, 5, 3, 6, 7]
Round 12: [1, 3, 2, 5, 7, 6, 4]
Round 13: [2, 6, 5, 3, 4, 1, 7]
Round 14: [5, 6, 3, 2, 4, 7, 1]
Round 15: [3, 7, 5, 6, 2, 1, 4]
Round 16: [2, 1, 6, 5, 7, 3, 4]
Round 17: [7, 6, 4, 1, 3, 2, 5]
Round 18: [4, 6, 7, 1, 2, 3, 5]
Round 19: [6, 2, 4, 1, 7, 3, 5]
Round 20: [4, 3, 6, 1, 5, 7, 2]
Round 21: [3, 2, 4, 5, 7, 6, 1]
Round 22: [1, 6, 3, 4, 7, 2, 5]
Round 23: [6, 3, 7, 4, 2, 5, 1]
Round 24: [6, 3, 1, 5, 7, 4, 2]
Round 25: [6, 7, 5, 3, 1, 4, 2]
Round 26: [7, 2, 1, 5, 6, 4, 3]
Round 27: [6, 5, 4, 1, 7, 3, 2]
Round 28: [2, 1, 3, 4, 6, 7, 5]
Round 29: [6, 5, 4, 2, 7, 3, 1]
Round 30: [4, 7, 1, 5, 6, 3, 2]
Round 31: [2, 7, 5, 3, 6, 1, 4]
Round 32: [5, 3, 7, 2, 4, 1, 6]
Round 33: [2, 1, 3, 6, 7, 4, 5]
Round 34: [1, 7, 4, 2, 3, 5, 6]
Round 35: [5, 1, 7, 3, 6, 2, 4]
Round 36: [7, 4, 5, 2, 6, 3, 1]
Round 37: [1, 2, 6, 7, 4, 5, 3]
Round 38: [4, 3, 6, 5, 1, 7, 2]
Round 39: [4, 1, 2, 3, 7, 6, 5]
Round 40: [2, 3, 6, 7, 4, 1, 5]
Round 41: [4, 5, 7, 1, 6, 3, 2]
Round 42: [6, 7, 3, 5, 4, 2, 1]
Round 43: [6, 2, 1, 7, 4, 3, 5]
Round 44: [4, 6, 2, 5, 1, 7, 3]
Round 45: [1, 5, 6, 4, 2, 3, 7]
Round 46: [5, 1, 6, 7, 3, 2, 4]
Round 47: [7, 1, 3, 4, 5, 2, 6]
Round 48: [7, 1, 4, 3, 5, 2, 6]
Round 49: [5, 7, 6, 1, 4, 2, 3]
Round 50: [3, 6, 5, 7, 1, 2, 4]
Round 51: [3, 2, 5, 4, 1, 6, 7]
Round 52: [6, 4, 7, 2, 1, 3, 5]
Round 53: [7, 5, 1, 6, 2, 3, 4]
Round 54: [5, 4, 3, 7, 6, 2, 1]
Round 55: [6, 7, 5, 1, 3, 4, 2]
Round 56: [5, 2, 6, 3, 1, 4, 7]
Round 57: [4, 2, 6, 3, 1, 7, 5]
Round 58: [2, 5, 7, 3, 1, 4, 6]
Round 59: [3, 6, 2, 5, 1, 4, 7]
Round 60: [7, 4, 6, 3, 2, 1, 5]
Round 61: [5, 4, 1, 6, 3, 2, 7]
Round 62: [2, 3, 7, 6, 4, 5, 1]
Round 63: [1, 3, 2, 7, 4, 6, 5]
Round 64: [5, 4, 3, 1, 2, 7, 6]
Round 65: [1, 7, 3, 6, 5, 2, 4]
Round 66: [1, 7, 5, 4, 6, 3, 2]
Round 67: [5, 4, 1, 2, 3, 7, 6]
Round 68: [6, 3, 2, 5, 1, 4, 7]
Round 69: [2, 4, 5, 3, 7, 6, 1]
Round 70: [5, 7, 2, 6, 4, 3, 1]
Round 71: [1, 6, 3, 4, 5, 7, 2]
Round 72: [7, 4, 6, 2, 5, 3, 1]
Round 73: [6, 5, 1, 2, 7, 3, 4]
Round 74: [7, 5, 1, 6, 4, 2, 3]
Round 75: [4, 5, 1, 7, 3, 2, 6]
Round 76: [1, 4, 6, 3, 5, 7, 2]
Round 77: [2, 4, 6, 7, 1, 3, 5]
Round 78: [6, 3, 2, 7, 1, 5, 4]
Round 79: [2, 7, 6, 5, 3, 4, 1]
Round 80: [2, 6, 7, 5, 1, 3, 4]
Round 81: [4, 2, 6, 1, 7, 5, 3]
Round 82: [3, 4, 1, 5, 6, 2, 7]
Round 83: [4, 6, 2, 1, 3, 7, 5]
Round 84: [6, 2, 5, 7, 4, 1, 3]
Round 85: [5, 7, 4, 3, 1, 2, 6]
Round 86: [5, 6, 2, 7, 1, 4, 3]
Round 87: [3, 7, 1, 2, 6, 4, 5]
Round 88: [4, 2, 6, 3, 1, 7, 5]
Round 89: [3, 2, 7, 4, 6, 1, 5]
Round 90: [7, 1, 2, 5, 6, 4, 3]
Round 91: [6, 3, 2, 1, 4, 7, 5]
Round 92: [5, 2, 1, 3, 6, 7, 4]
Round 93: [6, 2, 5, 3, 1, 4, 7]
Round 94: [4, 5, 2, 7, 3, 6, 1]
Round 95: [2, 1, 4, 6, 5, 7, 3]
Round 96: [3, 6, 5, 2, 7, 4, 1]
Round 97: [4, 3, 1, 2, 6, 7, 5]
Round 98: [5, 4, 3, 2, 6, 7, 1]
Round 99: [2, 7, 4, 6, 5, 3, 1]
Round 100: [5, 3, 7, 4, 2, 6, 1]
Round 101: [1, 5, 7, 4, 3, 6, 2]
Round 102: [2, 6, 4, 7, 5, 1, 3]
Round 103: [4, 2, 3, 6, 1, 7, 5]
Round 104: [7, 5, 4, 6, 2, 3, 1]
Round 105: [1, 6, 7, 5, 4, 3, 2]
Round 106: [7, 3, 4, 6, 2, 5, 1]
Round 107: [1, 3, 7, 2, 5, 4, 6]
Round 108: [7, 2, 4, 1, 3, 6, 5]
Round 109: [3, 4, 5, 7, 6, 2, 1]
Round 110: [6, 1, 7, 3, 5, 2, 4]
Round 111: [3, 5, 2, 1, 7, 6, 4]
Round 112: [7, 4, 5, 6, 3, 1, 2]
Round 113: [3, 7, 1, 2, 6, 5, 4]
Round 114: [1, 6, 2, 3, 4, 5, 7]
Round 115: [1, 2, 5, 6, 4, 3, 7]
Round 116: [4, 5, 1, 3, 6, 2, 7]
Round 117: [5, 1, 4, 2, 6, 3, 7]
Round 118: [6, 7, 5, 3, 2, 1, 4]
Round 119: [5, 1, 7, 2, 4, 3, 6]
Round 120: [5, 4, 7, 6, 3, 1, 2]
Round 121: [3, 5, 6, 7, 4, 1, 2]
Round 122: [6, 5, 7, 2, 3, 4, 1]
Round 123: [7, 4, 3, 5, 2, 1, 6]
Round 124: [7, 2, 1, 4, 3, 6, 5]
Round 125: [6, 3, 4, 1, 7, 5, 2]
Round 126: [4, 3, 5, 1, 7, 6, 2]
Round 127: [6, 4, 5, 3, 7, 2, 1]
Round 128: [6, 5, 4, 7, 3, 1, 2]
Round 129: [4, 6, 3, 2, 1, 7, 5]
Round 130: [5, 3, 1, 6, 2, 7, 4]
Round 131: [5, 1, 6, 2, 3, 7, 4]
Round 132: [2, 7, 6, 1, 5, 3, 4]
Round 133: [4, 7, 6, 3, 1, 5, 2]
Round 134: [1, 7, 6, 3, 4, 5, 2]
Round 135: [1, 2, 7, 5, 6, 3, 4]
Round 136: [3, 7, 1, 5, 2, 4, 6]
Round 137: [1, 7, 3, 6, 5, 2, 4]
Round 138: [4, 6, 7, 3, 1, 2, 5]
Round 139: [5, 2, 7, 3, 1, 6, 4]
Round 140: [4, 7, 1, 5, 3, 6, 2]
Round 141: [3, 2, 1, 7, 6, 4, 5]
Round 142: [4, 3, 5, 6, 1, 7, 2]
Round 143: [5, 2, 4, 7, 3, 6, 1]
Round 144: [3, 2, 6, 5, 4, 7, 1]
Round 145: [6, 1, 3, 4, 5, 7, 2]
Round 146: [4, 3, 2, 7, 5, 1, 6]
Round 147: [4, 6, 2, 3, 7, 5, 1]
Round 148: [5, 6, 7, 4, 1, 2, 3]
Round 149: [4, 2, 1, 7, 3, 5, 6]
Round 150: [3, 6, 7, 1, 5, 4, 2]
Round 151: [6, 1, 7, 4, 5, 3, 2]
Round 152: [1, 3, 7, 5, 6, 4, 2]
Round 153: [7, 5, 4, 2, 6, 1, 3]
Round 154: [4, 2, 7, 3, 5, 1, 6]
Round 155: [6, 5, 1, 3, 7, 4, 2]
Round 156: [5, 3, 4, 2, 6, 7, 1]
Round 157: [4, 3, 5, 7, 2, 6, 1]
Round 158: [6, 4, 1, 3, 5, 7, 2]
Round 159: [4, 7, 1, 3, 2, 5, 6]
Round 160: [3, 2, 4, 7, 1, 5, 6]
Round 161: [6, 2, 5, 1, 3, 7, 4]
Round 162: [4, 5, 6, 3, 7, 2, 1]
Round 163: [4, 1, 5, 6, 7, 2, 3]
Round 164: [3, 2, 5, 7, 6, 4, 1]
Round 165: [7, 3, 2, 1, 6, 5, 4]
Round 166: [7, 6, 5, 2, 4, 1, 3]
Round 167: [4, 6, 3, 2, 7, 1, 5]
Round 168: [7, 2, 6, 3, 1, 4, 5]
Round 169: [2, 4, 7, 5, 1, 6, 3]
Round 170: [1, 3, 2, 5, 6, 4, 7]
Round 171: [7, 1, 4, 3, 6, 5, 2]
Round 172: [5, 2, 3, 4, 7, 6, 1]
Round 173: [6, 5, 7, 2, 1, 4, 3]
Round 174: [4, 2, 5, 3, 6, 1, 7]
Round 175: [4, 3, 2, 1, 5, 7, 6]
Round 176: [4, 5, 2, 1, 3, 6, 7]
Round 177: [4, 3, 2, 7, 6, 5, 1]
Round 178: [5, 2, 4, 3, 1, 7, 6]
Round 179: [1, 7, 4, 5, 3, 2, 6]
Round 180: [7, 4, 3, 6, 2, 1, 5]
Round 181: [3, 1, 7, 2, 6, 5, 4]
Round 182: [4, 2, 6, 7, 3, 1, 5]
Round 183: [7, 1, 6, 3, 2, 4, 5]
Round 184: [5, 1, 3, 2, 7, 4, 6]
Round 185: [4, 3, 1, 5, 6, 2, 7]
Round 186: [5, 2, 7, 1, 6, 4, 3]
Round 187: [3, 7, 5, 1, 2, 4, 6]
Round 188: [3, 5, 1, 4, 7, 6, 2]
Round 189: [6, 7, 2, 1, 5, 3, 4]
Round 190: [5, 3, 2, 7, 4, 6, 1]
Round 191: [1, 4, 7, 3, 2, 6, 5]
Round 192: [7, 6, 2, 3, 5, 1, 4]
Round 193: [3, 2, 4, 1, 6, 7, 5]
Round 194: [7, 6, 3, 4, 5, 2, 1]
Round 195: [6, 2, 4, 7, 5, 1, 3]
Round 196: [2, 7, 3, 1, 5, 6, 4]
Round 197: [7, 3, 1, 5, 2, 6, 4]
Round 198: [1, 3, 5, 7, 6, 4, 2]
Round 199: [2, 1, 4, 5, 6, 3, 7]
Round 200: [5, 7, 1, 3, 2, 6, 4]
Round 201: [3, 5, 2, 4, 1, 6, 7]
Round 202: [2, 4, 5, 1, 7, 3, 6]
Round 203: [6, 4, 5, 7, 3, 1, 2]
Round 204: [3, 7, 1, 5, 6, 2, 4]
Round 205: [5, 7, 6, 1, 4, 2, 3]
Round 206: [7, 4, 2, 6, 5, 3, 1]
Round 207: [3, 4, 7, 6, 1, 2, 5]
Round 208: [4, 7, 1, 6, 3, 2, 5]
Round 209: [1, 6, 5, 3, 7, 2, 4]
Round 210: [5, 6, 4, 7, 1, 3, 2]
Round 211: [4, 1, 2, 7, 5, 3, 6]
Round 212: [6, 2, 3, 7, 5, 1, 4]
Round 213: [3, 7, 4, 6, 2, 1, 5]
Round 214: [5, 7, 1, 6, 3, 4, 2]
Round 215: [1, 2, 6, 3, 4, 7, 5]
Round 216: [4, 7, 3, 2, 6, 1, 5]
Round 217: [2, 3, 6, 5, 7, 4, 1]
Round 218: [4, 6, 1, 3, 2, 5, 7]
Round 219: [1, 4, 5, 7, 3, 6, 2]
Round 220: [4, 5, 7, 2, 1, 3, 6]
Round 221: [6, 4, 5, 7, 1, 2, 3]
Round 222: [6, 4, 5, 3, 1, 2, 7]
Round 223: [7, 2, 5, 4, 6, 3, 1]
Round 224: [6, 4, 5, 7, 3, 1, 2]
Round 225: [7, 6, 4, 1, 5, 3, 2]
Round 226: [1, 6, 2, 4, 5, 3, 7]
Round 227: [2, 7, 4, 6, 1, 5, 3]
Round 228: [3, 1, 6, 2, 5, 7, 4]
Round 229: [1, 6, 3, 4, 7, 5, 2]
Round 230: [3, 4, 6, 2, 1, 7, 5]
Round 231: [6, 1, 2, 3, 7, 5, 4]
Round 232: [6, 1, 3, 7, 5, 2, 4]
Round 233: [2, 5, 6, 3, 1, 4, 7]
Round 234: [6, 4, 1, 5, 3, 7, 2]
Round 235: [7, 2, 3, 5, 6, 4, 1]
Round 236: [1, 2, 7, 4, 5, 3, 6]
Round 237: [3, 1, 4, 6, 7, 5, 2]
Round 238: [7, 1, 6, 2, 3, 5, 4]
Round 239: [7, 6, 2, 4, 5, 3, 1]
Round 240: [1, 3, 5, 4, 2, 6, 7]
Round 241: [2, 5, 1, 6, 4, 7, 3]
Round 242: [2, 7, 6, 1, 4, 3, 5]
Round 243: [7, 1, 2, 6, 5, 4, 3]
Round 244: [7, 4, 1, 2, 5, 3, 6]
Round 245: [6, 4, 3, 1, 2, 7, 5]
Round 246: [7, 3, 1, 4, 2, 5, 6]
Round 247: [7, 4, 3, 5, 6, 2, 1]
Round 248: [5, 1, 4, 3, 2, 6, 7]
Round 249: [1, 3, 5, 2, 4, 6, 7]
Round 250: [3, 4, 6, 2, 7, 5, 1]
Round 251: [1, 6, 7, 4, 2, 3, 5]
Round 252: [6, 7, 3, 4, 5, 1, 2]
Round 253: [6, 1, 4, 3, 2, 7, 5]
Round 254: [4, 6, 7, 5, 2, 1, 3]
Round 255: [6, 5, 1, 4, 3, 7, 2]
Round 256: [4, 7, 1, 5, 3, 2, 6]
Round 257: [2, 5, 1, 4, 7, 6, 3]
Round 258: [4, 7, 2, 3, 1, 6, 5]
Round 259: [3, 2, 5, 7, 6, 4, 1]
Round 260: [2, 5, 7, 6, 4, 1, 3]
Round 261: [5, 4, 2, 3, 1, 6, 7]
Round 262: [1, 2, 4, 3, 5, 7, 6]
Round 263: [3, 5, 7, 1, 6, 2, 4]
Round 264: [2, 5, 7, 4, 1, 6, 3]
Round 265: [3, 7, 5, 1, 6, 4, 2]
Round 266: [2, 3, 5, 6, 4, 7, 1]
Round 267: [2, 3, 5, 1, 6, 7, 4]
Round 268: [6, 3, 2, 5, 1, 7, 4]
Round 269: [1, 7, 3, 2, 4, 6, 5]
Round 270: [5, 2, 3, 4, 6, 1, 7]
Round 271: [7, 5, 3, 2, 6, 4, 1]
Round 272: [4, 2, 5, 7, 6, 3, 1]
Round 273: [4, 6, 7, 3, 5, 2, 1]
Round 274: [4, 3, 5, 2, 7, 1, 6]
Round 275: [2, 5, 4, 6, 1, 7, 3]
Round 276: [2, 3, 5, 4, 7, 1, 6]
Round 277: [4, 7, 3, 5, 1, 2, 6]
Round 278: [1, 7, 5, 6, 3, 4, 2]
Round 279: [7, 6, 5, 3, 2, 4, 1]
Round 280: [1, 5, 2, 4, 7, 6, 3]
Round 281: [7, 5, 6, 4, 1, 3, 2]
Round 282: [2, 6, 7, 4, 1, 5, 3]
Round 283: [3, 5, 6, 4, 1, 7, 2]
Round 284: [5, 1, 7, 3, 6, 2, 4]
Round 285: [6, 1, 4, 3, 7, 2, 5]
Round 286: [5, 2, 3, 4, 6, 1, 7]
Round 287: [2, 7, 4, 5, 1, 6, 3]
Round 288: [3, 7, 2, 5, 1, 6, 4]
Round 289: [5, 3, 4, 1, 6, 7, 2]
Round 290: [6, 7, 4, 1, 2, 5, 3]
Round 291: [1, 6, 5, 3, 4, 2, 7]
Round 292: [5, 7, 1, 4, 6, 3, 2]
Round 293: [5, 3, 6, 1, 4, 2, 7]
Round 294: [4, 3, 1, 7, 2, 6, 5]
Round 295: [2, 1, 5, 3, 7, 6, 4]
Round 296: [5, 2, 3, 4, 1, 7, 6]
Round 297: [2, 1, 7, 4, 5, 3, 6]
Round 298: [5, 6, 3, 7, 4, 2, 1]
Round 299: [5, 1, 3, 6, 4, 2, 7]
Round 300: [4, 7, 5, 6, 2, 1, 3]
Round 301: [4, 5, 7, 2, 1, 3, 6]
Round 302: [7, 1, 3, 4, 5, 2, 6]
Round 303: [3, 7, 1, 4, 5, 6, 2]
Round 304: [3, 6, 2, 4, 5, 7, 1]
Round 305: [3, 2, 1, 7, 6, 5, 4]
Round 306: [3, 5, 7, 6, 1, 4, 2]
Round 307: [1, 6, 5, 2, 3, 7, 4]
Round 308: [4, 2, 1, 6, 5, 3, 7]
Round 309: [7, 3, 1, 6, 2, 4, 5]
Round 310: [3, 6, 5, 1, 2, 7, 4]
Round 311: [4, 5, 3, 2, 6, 7, 1]
Round 312: [6, 4, 3, 2, 1, 7, 5]
Round 313: [2, 6, 3, 4, 1, 7, 5]
Round 314: [5, 2, 3, 6, 4, 1, 7]
Round 315: [4, 7, 6, 1, 2, 5, 3]
Round 316: [4, 1, 3, 6, 7, 5, 2]
Round 317: [5, 7, 4, 1, 2, 3, 6]
Round 318: [7, 3, 4, 5, 2, 6, 1]
Round 319: [5, 6, 4, 7, 2, 1, 3]
Round 320: [6, 7, 4, 5, 1, 3, 2]
Round 321: [2, 3, 1, 5, 7, 6, 4]
Round 322: [7, 2, 5, 6, 1, 3, 4]
Round 323: [5, 7, 4, 2, 3, 1, 6]
Round 324: [5, 6, 1, 3, 4, 7, 2]
Round 325: [7, 2, 4, 1, 6, 5, 3]
Round 326: [4, 7, 2, 1, 5, 3, 6]
Round 327: [4, 3, 5, 1, 7, 2, 6]
Round 328: [4, 7, 2, 5, 3, 6, 1]
Round 329: [2, 5, 7, 1, 4, 6, 3]
Round 330: [7, 4, 6, 1, 5, 2, 3]
Round 331: [1, 7, 5, 2, 4, 3, 6]
Round 332: [7, 5, 6, 1, 2, 4, 3]
Round 333: [5, 6, 3, 1, 2, 7, 4]
Round 334: [4, 1, 7, 5, 3, 2, 6]
Round 335: [2, 6, 1, 7, 4, 5, 3]
Round 336: [4, 5, 7, 1, 3, 2, 6]
Round 337: [1, 6, 2, 5, 3, 4, 7]
Round 338: [6, 1, 3, 5, 7, 4, 2]
Round 339: [6, 1, 5, 2, 3, 7, 4]
Round 340: [7, 5, 3, 2, 1, 4, 6]
Round 341: [3, 7, 1, 2, 4, 5, 6]
Round 342: [6, 4, 5, 7, 3, 2, 1]
Round 343: [6, 1, 4, 3, 7, 5, 2]
Round 344: [7, 5, 2, 4, 3, 1, 6]
Round 345: [1, 3, 7, 5, 2, 4, 6]
Round 346: [4, 1, 6, 2, 7, 3, 5]
Round 347: [7, 3, 6, 1, 2, 5, 4]
Round 348: [1, 6, 7, 4, 5, 2, 3]
Round 349: [6, 4, 5, 7, 3, 2, 1]
Round 350: [5, 1, 3, 7, 2, 6, 4]
Round 351: [7, 4, 6, 5, 3, 1, 2]
Round 352: [6, 5, 2, 7, 4, 3, 1]
Round 353: [3, 6, 5, 1, 2, 4, 7]
Round 354: [2, 7, 6, 3, 1, 5, 4]
Round 355: [6, 7, 3, 4, 5, 1, 2]
Round 356: [3, 2, 6, 1, 4, 5, 7]
Round 357: [3, 7, 2, 5, 1, 6, 4]
Round 358: [2, 1, 5, 4, 3, 7, 6]
Round 359: [2, 7, 3, 5, 4, 1, 6]
Round 360: [1, 6, 4, 7, 3, 2, 5]
Round 361: [3, 7, 6, 5, 1, 4, 2]
Round 362: [6, 7, 3, 2, 1, 5, 4]
Round 363: [7, 3, 2, 6, 5, 4, 1]
Round 364: [7, 5, 3, 6, 2, 4, 1]
Round 365: [4, 7, 5, 3, 6, 2, 1]
Round 366: [5, 3, 7, 6, 4, 2, 1]
Round 367: [7, 3, 4, 2, 6, 5, 1]
Round 368: [4, 1, 6, 5, 3, 7, 2]
Round 369: [6, 1, 5, 2, 3, 4, 7]
Round 370: [3, 1, 4, 6, 2, 5, 7]
Round 371: [6, 7, 5, 1, 4, 3, 2]
Round 372: [3, 5, 6, 7, 4, 1, 2]
Round 373: [4, 2, 6, 7, 3, 1, 5]
Round 374: [1, 6, 4, 7, 3, 2, 5]
Round 375: [6, 4, 7, 3, 5, 1, 2]
Round 376: [4, 3, 6, 5, 2, 1, 7]
Round 377: [2, 4, 7, 6, 3, 1, 5]
Round 378: [7, 3, 1, 2, 5, 4, 6]
Round 379: [2, 4, 6, 1, 7, 5, 3]
Round 380: [1, 4, 7, 5, 2, 3, 6]
Round 381: [6, 7, 5, 3, 4, 2, 1]
Round 382: [1, 6, 5, 7, 3, 4, 2]
Round 383: [4, 7, 5, 1, 6, 3, 2]
Round 384: [3, 6, 4, 7, 5, 2, 1]
Round 385: [3, 5, 4, 2, 6, 7, 1]
Round 386: [6, 7, 5, 1, 3, 4, 2]
Round 387: [1, 6, 7, 5, 3, 2, 4]
Round 388: [2, 3, 1, 4, 7, 5, 6]
Round 389: [6, 7, 1, 3, 4, 2, 5]
Round 390: [5, 4, 1, 2, 6, 3, 7]
Round 391: [3, 1, 7, 4, 6, 2, 5]
Round 392: [6, 2, 7, 4, 1, 3, 5]
Round 393: [6, 1, 7, 2, 5, 4, 3]
Round 394: [6, 7, 3, 1, 4, 5, 2]
Round 395: [7, 5, 2, 4, 3, 6, 1]
Round 396: [2, 5, 6, 4, 7, 1, 3]
Round 397: [4, 7, 6, 2, 1, 3, 5]
Round 398: [7, 1, 4, 5, 3, 2, 6]
Round 399: [2, 1, 5, 7, 3, 6, 4]
Round 400: [6, 2, 1, 4, 7, 3, 5]
Round 401: [6, 7, 5, 1, 3, 4, 2]
Round 402: [5, 2, 4, 1, 3, 7, 6]
Round 403: [1, 4, 2, 3, 5, 6, 7]
Round 404: [6, 2, 5, 3, 7, 4, 1]
Round 405: [6, 3, 1, 7, 2, 5, 4]
Round 406: [3, 2, 6, 5, 7, 4, 1]
Round 407: [7, 6, 5, 2, 4, 1, 3]
Round 408: [4, 3, 5, 2, 6, 1, 7]
Round 409: [1, 3, 5, 4, 7, 2, 6]
Round 410: [4, 2, 3, 7, 6, 5, 1]
Round 411: [6, 1, 3, 2, 7, 4, 5]
Round 412: [7, 2, 4, 5, 6, 3, 1]
Round 413: [4, 6, 5, 7, 1, 3, 2]
Round 414: [3, 5, 2, 1, 6, 7, 4]
Round 415: [2, 5, 4, 3, 6, 1, 7]
Round 416: [1, 3, 7, 2, 4, 6, 5]
Round 417: [2, 4, 1, 6, 3, 5, 7]
Round 418: [1, 5, 3, 6, 2, 7, 4]
Round 419: [2, 5, 1, 3, 4, 6, 7]
Round 420: [4, 1, 7, 6, 5, 3, 2]
Round 421: [4, 2, 6, 1, 3, 7, 5]
Round 422: [4, 5, 6, 7, 3, 1, 2]
Round 423: [3, 4, 1, 5, 7, 2, 6]
Round 424: [4, 3, 2, 7, 1, 5, 6]
Round 425: [7, 4, 1, 3, 6, 2, 5]
Round 426: [4, 5, 6, 7, 1, 3, 2]
Round 427: [2, 5, 6, 4, 7, 1, 3]
Round 428: [5, 2, 4, 7, 6, 3, 1]
Round 429: [4, 6, 1, 2, 5, 7, 3]
Round 430: [7, 3, 6, 4, 5, 1, 2]
Round 431: [2, 3, 6, 7, 1, 4, 5]
Round 432: [6, 3, 7, 1, 4, 5, 2]
Round 433: [6, 1, 3, 7, 5, 4, 2]
Round 434: [3, 4, 6, 7, 1, 5, 2]
Round 435: [2, 7, 5, 3, 4, 1, 6]
Round 436: [3, 1, 2, 6, 5, 7, 4]
Round 437: [1, 3, 6, 2, 7, 4, 5]
Round 438: [3, 2, 5, 4, 1, 7, 6]
Round 439: [6, 4, 7, 1, 2, 3, 5]
Round 440: [1, 6, 5, 4, 3, 2, 7]
Round 441: [1, 2, 5, 4, 3, 6, 7]
Round 442: [1, 3, 6, 2, 5, 4, 7]
Round 443: [1, 7, 4, 6, 2, 5, 3]
Round 444: [5, 4, 3, 6, 2, 7, 1]
Round 445: [3, 7, 4, 6, 1, 5, 2]
Round 446: [5, 4, 1, 7, 6, 2, 3]
Round 447: [1, 2, 3, 5, 7, 6, 4]
Round 448: [1, 4, 5, 2, 7, 6, 3]
Round 449: [4, 1, 7, 5, 3, 6, 2]
Round 450: [5, 2, 6, 3, 1, 4, 7]
Round 451: [2, 5, 3, 7, 1, 6, 4]
Round 452: [7, 6, 1, 5, 4, 3, 2]
Round 453: [1, 3, 4, 5, 6, 2, 7]
Round 454: [5, 1, 4, 3, 6, 2, 7]
Round 455: [7, 1, 3, 5, 4, 2, 6]
Round 456: [5, 2, 7, 1, 6, 4, 3]
Round 457: [4, 7, 6, 1, 5, 3, 2]
Round 458: [1, 6, 4, 2, 3, 7, 5]
Round 459: [6, 7, 1, 3, 5, 4, 2]
Round 460: [5, 7, 4, 6, 3, 1, 2]
Round 461: [4, 2, 5, 3, 7, 6, 1]
Round 462: [5, 4, 2, 1, 3, 7, 6]
Round 463: [6, 5, 7, 3, 1, 4, 2]
Round 464: [1, 3, 5, 2, 4, 7, 6]
Round 465: [4, 6, 5, 2, 7, 3, 1]
Round 466: [3, 7, 1, 5, 6, 2, 4]
Round 467: [3, 4, 6, 1, 5, 7, 2]
Round 468: [2, 5, 7, 3, 6, 1, 4]
Round 469: [6, 3, 5, 4, 2, 7, 1]
Round 470: [5, 6, 3, 2, 1, 7, 4]
Round 471: [1, 7, 2, 6, 3, 4, 5]
Round 472: [4, 7, 5, 6, 2, 1, 3]
Round 473: [4, 6, 5, 7, 2, 3, 1]
Round 474: [5, 2, 1, 6, 4, 7, 3]
Round 475: [5, 3, 4, 2, 6, 1, 7]
Round 476: [6, 5, 7, 4, 2, 3, 1]
Round 477: [3, 6, 2, 4, 7, 5, 1]
Round 478: [4, 6, 1, 2, 3, 5, 7]
Round 479: [2, 4, 1, 7, 6, 3, 5]
Round 480: [4, 7, 6, 5, 3, 1, 2]
Round 481: [3, 6, 1, 7, 5, 4, 2]
Round 482: [3, 2, 4, 5, 7, 1, 6]
Round 483: [5, 6, 3, 4, 2, 1, 7]
Round 484: [5, 4, 2, 7, 6, 3, 1]
Round 485: [4, 5, 6, 2, 1, 7, 3]
Round 486: [3, 1, 4, 6, 7, 5, 2]
Round 487: [1, 2, 4, 6, 7, 3, 5]
Round 488: [4, 2, 1, 7, 6, 3, 5]
Round 489: [4, 3, 5, 2, 1, 7, 6]
Round 490: [1, 6, 3, 7, 5, 4, 2]
Round 491: [2, 5, 6, 7, 3, 4, 1]
Round 492: [5, 3, 4, 7, 2, 1, 6]
Round 493: [1, 4, 2, 3, 7, 6, 5]
Round 494: [3, 6, 2, 7, 1, 5, 4]
Round 495: [5, 4, 1, 3, 2, 7, 6]
Round 496: [4, 1, 2, 7, 5, 6, 3]
Round 497: [2, 7, 3, 1, 6, 5, 4]
Round 498: [5, 1, 6, 7, 3, 4, 2]
Round 499: [4, 7, 3, 2, 6, 1, 5]
Round 500: [3, 5, 4, 1, 2, 6, 7]
Round 501: [3, 7, 6, 4, 5, 2, 1]
Round 502: [2, 5, 6, 3, 1, 7, 4]
Round 503: [2, 6, 5, 7, 3, 4, 1]
Round 504: [6, 2, 5, 1, 4, 3, 7]
Round 505: [2, 6, 4, 3, 5, 7, 1]
Round 506: [4, 1, 7, 3, 6, 5, 2]
Round 507: [3, 4, 2, 6, 5, 7, 1]
Round 508: [7, 3, 6, 1, 4, 5, 2]
Round 509: [7, 3, 4, 1, 5, 6, 2]
Round 510: [7, 1, 2, 4, 3, 6, 5]
Round 511: [3, 2, 1, 6, 7, 4, 5]
Round 512: [7, 3, 2, 1, 5, 4, 6]
Round 513: [5, 3, 6, 4, 2, 1, 7]
Round 514: [3, 4, 6, 7, 2, 1, 5]
Round 515: [2, 6, 3, 4, 1, 5, 7]
Round 516: [5, 2, 3, 6, 7, 1, 4]
Round 517: [2, 7, 6, 3, 5, 4, 1]
Round 518: [1, 6, 5, 2, 3, 7, 4]
Round 519: [3, 5, 1, 7, 6, 4, 2]
Round 520: [6, 4, 7, 5, 1, 3, 2]
Round 521: [6, 5, 7, 2, 3, 1, 4]
Round 522: [4, 1, 2, 5, 7, 3, 6]
Round 523: [4, 6, 3, 7, 1, 2, 5]
Round 524: [1, 2, 4, 5, 6, 7, 3]
Round 525: [4, 6, 5, 1, 7, 3, 2]
Round 526: [5, 4, 3, 1, 7, 6, 2]
Round 527: [3, 2, 7, 6, 4, 5, 1]
Round 528: [6, 2, 3, 5, 1, 7, 4]
Round 529: [5, 7, 4, 6, 2, 1, 3]
Round 530: [5, 4, 3, 2, 6, 1, 7]
Round 531: [7, 1, 3, 2, 4, 5, 6]
Round 532: [1, 3, 2, 4, 7, 5, 6]
Round 533: [4, 1, 7, 5, 3, 6, 2]
Round 534: [1, 6, 4, 5, 7, 2, 3]
Round 535: [3, 7, 1, 2, 6, 4, 5]
Round 536: [3, 5, 6, 2, 4, 7, 1]
Round 537: [4, 6, 3, 5, 1, 7, 2]
Round 538: [2, 1, 6, 5, 4, 7, 3]
Round 539: [1, 5, 3, 7, 6, 4, 2]
Round 540: [2, 6, 7, 1, 4, 3, 5]
Round 541: [7, 3, 6, 1, 2, 5, 4]
Round 542: [1, 5, 2, 6, 3, 4, 7]
Round 543: [3, 1, 4, 5, 6, 7, 2]
Round 544: [6, 2, 7, 3, 4, 1, 5]
Round 545: [7, 5, 2, 1, 6, 4, 3]
Round 546: [1, 7, 5, 4, 3, 2, 6]
Round 547: [1, 2, 6, 5, 3, 7, 4]
Round 548: [6, 4, 2, 5, 7, 1, 3]
Round 549: [5, 4, 6, 3, 7, 1, 2]
Round 550: [1, 5, 2, 3, 4, 6, 7]
Round 551: [7, 4, 1, 2, 6, 3, 5]
Round 552: [4, 2, 6, 1, 7, 3, 5]
Round 553: [1, 5, 3, 6, 7, 2, 4]
Round 554: [1, 6, 3, 7, 5, 2, 4]
Round 555: [6, 2, 3, 1, 4, 5, 7]
Round 556: [5, 4, 7, 3, 6, 2, 1]
Round 557: [6, 1, 4, 3, 7, 5, 2]
Round 558: [4, 6, 2, 5, 3, 7, 1]
Round 559: [6, 5, 7, 4, 2, 1, 3]
Round 560: [5, 2, 6, 1, 4, 3, 7]
Round 561: [2, 7, 5, 3, 4, 1, 6]
Round 562: [5, 1, 4, 7, 6, 2, 3]
Round 563: [1, 2, 5, 3, 4, 7, 6]
Round 564: [2, 3, 4, 5, 6, 7, 1]
Round 565: [7, 4, 3, 1, 6, 5, 2]
Round 566: [4, 6, 3, 7, 2, 5, 1]
Round 567: [5, 1, 3, 6, 4, 2, 7]
Round 568: [2, 7, 6, 1, 5, 4, 3]
Round 569: [2, 6, 3, 1, 7, 4, 5]
Round 570: [5, 2, 1, 7, 6, 4, 3]
Round 571: [4, 5, 1, 3, 7, 2, 6]
Round 572: [3, 5, 7, 2, 4, 6, 1]
Round 573: [1, 5, 6, 2, 7, 3, 4]
Round 574: [3, 5, 7, 2, 1, 6, 4]
Round 575: [2, 3, 6, 4, 1, 5, 7]
Round 576: [3, 2, 1, 5, 6, 4, 7]
Round 577: [2, 6, 5, 1, 7, 4, 3]
Round 578: [6, 4, 7, 2, 3, 1, 5]
Round 579: [2, 3, 4, 6, 5, 1, 7]
Round 580: [5, 7, 2, 3, 4, 1, 6]
Round 581: [1, 2, 5, 3, 7, 6, 4]
Round 582: [3, 4, 2, 7, 6, 5, 1]
Round 583: [2, 7, 1, 6, 3, 4, 5]
Round 584: [3, 1, 2, 5, 4, 7, 6]
Round 585: [4, 6, 2, 1, 3, 7, 5]
Round 586: [5, 4, 6, 1, 7, 3, 2]
Round 587: [5, 3, 2, 7, 4, 6, 1]
Round 588: [3, 4, 7, 5, 2, 1, 6]
Round 589: [2, 7, 3, 4, 6, 1, 5]
Round 590: [4, 6, 3, 2, 7, 1, 5]
Round 591: [3, 7, 2, 4, 5, 1, 6]
Round 592: [6, 2, 3, 7, 4, 1, 5]
Round 593: [7, 3, 6, 1, 5, 4, 2]
Round 594: [4, 7, 5, 2, 6, 1, 3]
Round 595: [5, 3, 4, 7, 2, 6, 1]
Round 596: [6, 7, 5, 3, 1, 2, 4]
Round 597: [7, 6, 4, 2, 1, 3, 5]
Round 598: [2, 5, 4, 7, 3, 6, 1]
Round 599: [4, 5, 1, 2, 3, 6, 7]
Round 600: [4, 1, 5, 6, 3, 7, 2]
Round 601: [3, 4, 7, 6, 1, 5, 2]
Round 602: [4, 1, 2, 5, 3, 6, 7]
Round 603: [1, 5, 6, 2, 3, 4, 7]
Round 604: [5, 2, 1, 3, 7, 6, 4]
Round 605: [4, 3, 2, 6, 1, 7, 5]
Round 606: [4, 2, 5, 3, 1, 7, 6]
Round 607: [2, 6, 1, 4, 7, 5, 3]
Round 608: [2, 7, 6, 5, 1, 3, 4]
Round 609: [2, 1, 5, 6, 7, 3, 4]
Round 610: [6, 7, 4, 1, 5, 2, 3]
Round 611: [7, 2, 4, 3, 5, 6, 1]
Round 612: [5, 4, 1, 2, 6, 7, 3]
Round 613: [5, 4, 7, 3, 2, 6, 1]
Round 614: [5, 2, 3, 4, 1, 6, 7]
Round 615: [7, 2, 5, 3, 4, 1, 6]
Round 616: [5, 7, 1, 3, 6, 4, 2]
Round 617: [6, 3, 5, 4, 7, 1, 2]
Round 618: [1, 2, 3, 6, 5, 7, 4]
Round 619: [2, 6, 7, 5, 1, 3, 4]
Round 620: [5, 1, 2, 6, 7, 4, 3]
Round 621: [4, 5, 7, 3, 6, 2, 1]
Round 622: [1, 2, 6, 4, 7, 3, 5]
Round 623: [5, 1, 3, 4, 6, 7, 2]
Round 624: [5, 6, 7, 2, 3, 4, 1]
Round 625: [3, 4, 5, 2, 7, 6, 1]
Round 626: [1, 4, 2, 6, 5, 7, 3]
Round 627: [1, 6, 3, 5, 4, 7, 2]
Round 628: [2, 1, 7, 3, 5, 6, 4]
Round 629: [4, 5, 3, 7, 1, 6, 2]
Round 630: [2, 5, 6, 1, 3, 4, 7]
Round 631: [6, 1, 3, 7, 4, 2, 5]
Round 632: [4, 2, 5, 3, 6, 1, 7]
Round 633: [7, 5, 1, 2, 6, 3, 4]
Round 634: [2, 7, 6, 1, 5, 4, 3]
Round 635: [2, 5, 3, 7, 1, 4, 6]
Round 636: [2, 1, 7, 5, 6, 3, 4]
Round 637: [1, 4, 5, 2, 6, 7, 3]
Round 638: [4, 2, 5, 7, 1, 6, 3]
Round 639: [1, 4, 5, 2, 3, 7, 6]
Round 640: [3, 7, 6, 2, 1, 4, 5]
Round 641: [4, 6, 1, 5, 3, 7, 2]
Round 642: [5, 2, 4, 3, 1, 7, 6]
Round 643: [6, 3, 5, 2, 7, 1, 4]
Round 644: [5, 3, 7, 2, 4, 1, 6]
Round 645: [7, 3, 5, 6, 1, 4, 2]
Round 646: [6, 2, 7, 1, 5, 4, 3]
Round 647: [1, 3, 7, 2, 6, 5, 4]
Round 648: [2, 1, 5, 7, 6, 3, 4]
Round 649: [2, 5, 4, 3, 7, 6, 1]
Round 650: [3, 5, 1, 2, 7, 6, 4]
Round 651: [6, 5, 3, 7, 2, 1, 4]
Round 652: [5, 2, 3, 1, 7, 4, 6]
Round 653: [1, 3, 7, 4, 5, 6, 2]
Round 654: [1, 7, 3, 2, 5, 6, 4]
Round 655: [2, 6, 7, 3, 4, 1, 5]
Round 656: [4, 5, 2, 7, 6, 3, 1]
Round 657: [4, 6, 1, 7, 5, 3, 2]
Round 658: [2, 4, 6, 5, 1, 7, 3]
Round 659: [5, 4, 2, 3, 1, 6, 7]
Round 660: [2, 5, 3, 4, 1, 6, 7]
Round 661: [3, 5, 1, 4, 6, 2, 7]
Round 662: [4, 2, 6, 5, 1, 7, 3]
Round 663: [7, 2, 6, 5, 1, 3, 4]
Round 664: [5, 3, 1, 7, 6, 4, 2]
Round 665: [4, 2, 3, 7, 1, 6, 5]
Round 666: [7, 5, 2, 3, 6, 1, 4]
Round 667: [4, 1, 2, 5, 7, 3, 6]
Round 668: [3, 1, 5, 4, 2, 7, 6]
Round 669: [3, 7, 5, 4, 1, 6, 2]
Round 670: [6, 1, 3, 4, 7, 2, 5]
Round 671: [4, 2, 1, 5, 7, 3, 6]
Round 672: [6, 4, 2, 7, 1, 3, 5]
Round 673: [1, 3, 2, 6, 5, 7, 4]
Round 674: [4, 3, 2, 6, 1, 7, 5]
Round 675: [6, 5, 3, 7, 2, 1, 4]
Round 676: [6, 2, 3, 4, 5, 1, 7]
Round 677: [2, 5, 7, 3, 6, 4, 1]
Round 678: [1, 5, 2, 3, 4, 7, 6]
Round 679: [3, 1, 2, 4, 6, 5, 7]
Round 680: [1, 4, 6, 7, 2, 3, 5]
Round 681: [6, 3, 2, 5, 7, 4, 1]
Round 682: [3, 1, 7, 5, 2, 4, 6]
Round 683: [4, 5, 3, 7, 2, 1, 6]
Round 684: [1, 4, 6, 2, 5, 7, 3]
Round 685: [3, 5, 7, 4, 6, 1, 2]
Round 686: [1, 7, 2, 6, 4, 5, 3]
Round 687: [7, 3, 5, 1, 4, 2, 6]
Round 688: [6, 2, 5, 7, 3, 1, 4]
Round 689: [1, 4, 6, 2, 5, 3, 7]
Round 690: [3, 6, 5, 1, 7, 2, 4]
Round 691: [5, 3, 7, 6, 2, 4, 1]
Round 692: [2, 7, 6, 5, 4, 3, 1]
Round 693: [4, 2, 7, 6, 1, 5, 3]
Round 694: [6, 7, 5, 1, 3, 2, 4]
Round 695: [5, 7, 4, 1, 6, 3, 2]
Round 696: [1, 2, 7, 6, 4, 3, 5]
Round 697: [3, 5, 7, 4, 6, 1, 2]
Round 698: [4, 7, 1, 5, 6, 2, 3]
Round 699: [2, 7, 1, 5, 6, 3, 4]
Round 700: [2, 7, 4, 6, 5, 3, 1]
Round 701: [1, 4, 2, 6, 3, 5, 7]
Round 702: [7, 6, 2, 3, 5, 1, 4]
Round 703: [1, 5, 7, 6, 4, 3, 2]
Round 704: [2, 7, 4, 3, 6, 1, 5]
Round 705: [7, 4, 2, 1, 6, 5, 3]
Round 706: [4, 5, 3, 7, 2, 1, 6]
Round 707: [5, 3, 2, 7, 1, 6, 4]
Round 708: [6, 5, 4, 7, 1, 2, 3]
Round 709: [1, 3, 6, 5, 7, 4, 2]
Round 710: [7, 4, 3, 2, 5, 1, 6]
Round 711: [4, 6, 1, 3, 2, 7, 5]
Round 712: [4, 3, 2, 6, 7, 1, 5]
Round 713: [4, 6, 5, 3, 1, 7, 2]
Round 714: [6, 3, 7, 2, 1, 5, 4]
Round 715: [7, 4, 1, 3, 6, 5, 2]
Round 716: [4, 5, 2, 6, 1, 3, 7]
Round 717: [4, 6, 3, 1, 5, 2, 7]
Round 718: [5, 2, 7, 6, 4, 3, 1]
Round 719: [7, 6, 5, 2, 1, 4, 3]
Round 720: [1, 2, 6, 7, 4, 3, 5]
Round 721: [3, 7, 6, 2, 4, 5, 1]
Round 722: [2, 1, 7, 6, 4, 3, 5]
Round 723: [2, 6, 1, 5, 7, 4, 3]
Round 724: [6, 7, 4, 5, 2, 1, 3]
Round 725: [6, 1, 7, 2, 5, 4, 3]
Round 726: [7, 4, 6, 5, 2, 3, 1]
Round 727: [6, 2, 3, 5, 4, 1, 7]
Round 728: [7, 4, 1, 6, 3, 2, 5]
Round 729: [6, 1, 2, 4, 5, 3, 7]
Round 730: [3, 6, 1, 7, 2, 5, 4]
Round 731: [5, 2, 7, 4, 3, 6, 1]
Round 732: [1, 3, 5, 4, 6, 2, 7]
Round 733: [6, 7, 1, 2, 3, 4, 5]
Round 734: [4, 7, 6, 1, 2, 5, 3]
Round 735: [1, 4, 3, 7, 2, 6, 5]
Round 736: [5, 1, 4, 2, 6, 3, 7]
Round 737: [2, 5, 6, 1, 7, 4, 3]
Round 738: [4, 3, 7, 5, 2, 6, 1]
Round 739: [3, 1, 5, 6, 4, 2, 7]
Round 740: [7, 4, 6, 5, 3, 2, 1]
Round 741: [5, 3, 6, 7, 1, 4, 2]
Round 742: [7, 2, 1, 6, 3, 4, 5]
Round 743: [5, 2, 3, 1, 4, 7, 6]
Round 744: [4, 5, 6, 1, 7, 3, 2]
Round 745: [4, 5, 7, 1, 3, 2, 6]
Round 746: [4, 3, 6, 7, 2, 5, 1]
Round 747: [5, 2, 6, 3, 4, 7, 1]
Round 748: [2, 5, 4, 1, 3, 7, 6]
Round 749: [4, 1, 3, 5, 6, 7, 2]
Round 750: [1, 5, 4, 6, 2, 7, 3]
Round 751: [5, 1, 2, 3, 7, 6, 4]
Round 752: [1, 2, 7, 4, 5, 6, 3]
Round 753: [7, 3, 5, 1, 4, 6, 2]
Round 754: [4, 3, 2, 1, 5, 6, 7]
Round 755: [3, 1, 6, 2, 5, 4, 7]
Round 756: [2, 4, 1, 3, 6, 5, 7]
Round 757: [4, 5, 3, 7, 1, 2, 6]
Round 758: [2, 3, 7, 6, 4, 1, 5]
Round 759: [7, 6, 5, 4, 2, 1, 3]
Round 760: [4, 2, 6, 1, 5, 3, 7]
Round 761: [5, 1, 6, 3, 2, 4, 7]
Round 762: [4, 2, 6, 1, 3, 5, 7]
Round 763: [4, 1, 2, 5, 7, 3, 6]
Round 764: [7, 5, 2, 1, 6, 3, 4]
Round 765: [3, 4, 1, 5, 2, 6, 7]
Round 766: [3, 5, 2, 6, 7, 4, 1]
Round 767: [1, 4, 2, 6, 3, 7, 5]
Round 768: [6, 4, 5, 1, 7, 2, 3]
Round 769: [4, 7, 3, 6, 1, 2, 5]
Round 770: [4, 3, 5, 1, 2, 6, 7]
Round 771: [7, 2, 1, 4, 3, 6, 5]
Round 772: [4, 1, 6, 3, 2, 7, 5]
Round 773: [7, 3, 5, 4, 1, 2, 6]
Round 774: [2, 4, 7, 1, 5, 6, 3]
Round 775: [7, 6, 5, 1, 2, 4, 3]
Round 776: [5, 2, 6, 3, 4, 1, 7]
Round 777: [3, 7, 1, 4, 6, 2, 5]
Round 778: [3, 4, 5, 2, 1, 7, 6]
Round 779: [1, 4, 5, 2, 6, 3, 7]
Round 780: [5, 2, 1, 3, 6, 4, 7]
Round 781: [6, 7, 4, 5, 2, 1, 3]
Round 782: [1, 5, 3, 6, 4, 7, 2]
Round 783: [5, 3, 6, 4, 2, 1, 7]
Round 784: [1, 2, 7, 3, 4, 5, 6]
Round 785: [5, 6, 1, 2, 4, 7, 3]
Round 786: [5, 2, 3, 4, 1, 7, 6]
Round 787: [4, 2, 3, 6, 7, 1, 5]
Round 788: [4, 5, 2, 6, 7, 3, 1]
Round 789: [6, 4, 7, 2, 1, 3, 5]
Round 790: [2, 4, 7, 6, 1, 3, 5]
Round 791: [3, 7, 1, 5, 2, 6, 4]
Round 792: [3, 7, 6, 1, 4, 2, 5]
Round 793: [4, 3, 5, 6, 1, 7, 2]
Round 794: [3, 1, 4, 6, 2, 5, 7]
Round 795: [5, 6, 4, 7, 2, 3, 1]
Round 796: [2, 1, 3, 4, 7, 6, 5]
Round 797: [1, 7, 4, 6, 2, 3, 5]
Round 798: [3, 2, 5, 7, 1, 6, 4]
Round 799: [5, 4, 3, 1, 7, 2, 6]
Round 800: [1, 7, 6, 5, 3, 4, 2]
Round 801: [7, 3, 2, 5, 4, 1, 6]
Round 802: [1, 5, 3, 7, 4, 2, 6]
Round 803: [6, 3, 5, 1, 7, 2, 4]
Round 804: [1, 2, 7, 6, 3, 4, 5]
Round 805: [1, 6, 5, 7, 4, 3, 2]
Round 806: [4, 3, 1, 7, 5, 2, 6]
Round 807: [3, 2, 6, 4, 1, 7, 5]
Round 808: [7, 5, 6, 1, 2, 4, 3]
Round 809: [6, 7, 5, 1, 3, 4, 2]
Round 810: [7, 3, 4, 6, 2, 1, 5]
Round 811: [2, 5, 7, 3, 6, 1, 4]
Round 812: [6, 2, 1, 4, 5, 3, 7]
Round 813: [5, 6, 1, 3, 2, 4, 7]
Round 814: [4, 5, 6, 2, 3, 1, 7]
Round 815: [5, 4, 6, 7, 2, 1, 3]
Round 816: [6, 2, 1, 7, 3, 5, 4]
Round 817: [2, 6, 7, 1, 4, 3, 5]
Round 818: [5, 7, 1, 2, 6, 3, 4]
Round 819: [5, 7, 1, 3, 6, 4, 2]
Round 820: [3, 1, 4, 2, 5, 7, 6]
Round 821: [3, 4, 2, 1, 5, 6, 7]
Round 822: [6, 4, 1, 5, 7, 2, 3]
Round 823: [4, 2, 1, 5, 6, 3, 7]
Round 824: [4, 7, 1, 2, 3, 5, 6]
Round 825: [7, 2, 1, 5, 4, 3, 6]
Round 826: [5, 4, 3, 6, 2, 7, 1]
Round 827: [7, 5, 4, 1, 3, 2, 6]
Round 828: [7, 4, 6, 1, 3, 5, 2]
Round 829: [2, 6, 7, 1, 3, 4, 5]
Round 830: [5, 3, 1, 7, 2, 6, 4]
Round 831: [5, 4, 6, 3, 2, 7, 1]
Round 832: [4, 6, 3, 2, 1, 5, 7]
Round 833: [2, 7, 6, 3, 5, 1, 4]
Round 834: [2, 1, 5, 4, 6, 3, 7]
Round 835: [2, 6, 7, 4, 5, 1, 3]
Round 836: [1, 4, 5, 2, 6, 3, 7]
Round 837: [5, 6, 7, 4, 3, 1, 2]
Round 838: [7, 3, 5, 1, 2, 6, 4]
Round 839: [2, 6, 4, 7, 1, 3, 5]
Round 840: [7, 1, 4, 2, 3, 5, 6]
Round 841: [5, 2, 7, 6, 1, 4, 3]
Round 842: [6, 3, 1, 2, 4, 7, 5]
Round 843: [3, 4, 6, 1, 5, 7, 2]
Round 844: [6, 2, 1, 7, 3, 4, 5]
Round 845: [7, 6, 4, 2, 5, 1, 3]
Round 846: [3, 2, 4, 6, 1, 5, 7]
Round 847: [1, 4, 7, 6, 5, 3, 2]
Round 848: [7, 3, 2, 6, 1, 5, 4]
Round 849: [6, 2, 4, 7, 1, 5, 3]
Round 850: [3, 4, 7, 2, 6, 5, 1]
Round 851: [6, 1, 3, 7, 5, 4, 2]
Round 852: [6, 2, 7, 5, 3, 1, 4]
Round 853: [5, 4, 3, 2, 6, 1, 7]
Round 854: [5, 2, 6, 4, 1, 3, 7]
Round 855: [3, 4, 7, 1, 2, 6, 5]
Round 856: [6, 1, 2, 5, 4, 3, 7]
Round 857: [2, 4, 5, 6, 1, 3, 7]
Round 858: [3, 2, 5, 1, 6, 7, 4]
Round 859: [3, 6, 5, 1, 2, 7, 4]
Round 860: [2, 5, 7, 6, 3, 4, 1]
Round 861: [1, 4, 2, 3, 7, 6, 5]
Round 862: [3, 5, 4, 7, 1, 2, 6]
Round 863: [5, 7, 2, 1, 4, 3, 6]
Round 864: [1, 2, 3, 5, 4, 6, 7]
Round 865: [7, 3, 1, 2, 5, 6, 4]
Round 866: [4, 6, 3, 5, 1, 2, 7]
Round 867: [5, 6, 3, 1, 4, 7, 2]
Round 868: [7, 1, 4, 6, 3, 5, 2]
Round 869: [3, 5, 1, 7, 2, 4, 6]
Round 870: [3, 5, 1, 7, 2, 4, 6]
Round 871: [4, 7, 5, 2, 6, 1, 3]
Round 872: [1, 6, 3, 5, 2, 4, 7]
Round 873: [1, 6, 4, 7, 2, 3, 5]
Round 874: [2, 5, 4, 6, 1, 7, 3]
Round 875: [6, 3, 4, 1, 2, 5, 7]
Round 876: [6, 2, 7, 5, 1, 4, 3]
Round 877: [5, 3, 6, 1, 2, 4, 7]
Round 878: [1, 5, 2, 3, 4, 7, 6]
Round 879: [5, 6, 4, 2, 1, 3, 7]
Round 880: [2, 1, 6, 3, 5, 7, 4]
Round 881: [7, 2, 3, 5, 1, 4, 6]
Round 882: [4, 6, 3, 5, 2, 1, 7]
Round 883: [5, 3, 6, 4, 1, 2, 7]
Round 884: [3, 4, 6, 2, 5, 1, 7]
Round 885: [3, 1, 2, 4, 7, 6, 5]
Round 886: [1, 6, 3, 7, 5, 4, 2]
Round 887: [1, 6, 7, 2, 5, 3, 4]
Round 888: [5, 1, 2, 3, 4, 7, 6]
Round 889: [4, 3, 1, 2, 6, 7, 5]
Round 890: [3, 6, 7, 1, 4, 5, 2]
Round 891: [6, 3, 4, 5, 1, 7, 2]
Round 892: [6, 2, 7, 4, 3, 5, 1]
Round 893: [5, 1, 7, 2, 3, 6, 4]
Round 894: [4, 2, 1, 5, 3, 6, 7]
Round 895: [7, 3, 4, 6, 1, 2, 5]
Round 896: [5, 2, 7, 1, 6, 4, 3]
Round 897: [2, 7, 6, 3, 1, 4, 5]
Round 898: [7, 3, 6, 1, 5, 2, 4]
Round 899: [2, 4, 3, 7, 1, 5, 6]
Round 900: [7, 2, 5, 4, 1, 3, 6]
Round 901: [6, 2, 7, 5, 4, 3, 1]
Round 902: [6, 4, 5, 1, 2, 3, 7]
Round 903: [5, 7, 1, 2, 4, 6, 3]
Round 904: [7, 2, 1, 4, 3, 6, 5]
Round 905: [2, 6, 5, 4, 1, 3, 7]
Round 906: [2, 3, 4, 6, 7, 1, 5]
Round 907: [6, 4, 1, 2, 7, 3, 5]
Round 908: [3, 7, 2, 4, 6, 1, 5]
Round 909: [4, 6, 2, 5, 1, 7, 3]
Round 910: [6, 2, 7, 1, 4, 5, 3]
Round 911: [3, 4, 5, 7, 2, 1, 6]
Round 912: [5, 3, 2, 6, 1, 7, 4]
Round 913: [7, 6, 3, 4, 1, 2, 5]
Round 914: [4, 7, 5, 2, 6, 3, 1]
Round 915: [2, 5, 7, 6, 3, 4, 1]
Round 916: [6, 7, 2, 5, 4, 1, 3]
Round 917: [6, 3, 7, 4, 1, 5, 2]
Round 918: [6, 7, 2, 4, 1, 3, 5]
Round 919: [1, 6, 3, 2, 4, 7, 5]
Round 920: [6, 5, 7, 2, 1, 3, 4]
Round 921: [4, 2, 3, 7, 6, 5, 1]
Round 922: [4, 2, 1, 6, 3, 5, 7]
Round 923: [1, 4, 6, 7, 3, 5, 2]
Round 924: [4, 2, 1, 7, 5, 6, 3]
Round 925: [5, 2, 6, 3, 4, 1, 7]
Round 926: [7, 2, 6, 5, 4, 1, 3]
Round 927: [2, 6, 5, 3, 7, 1, 4]
Round 928: [4, 7, 5, 3, 2, 1, 6]
Round 929: [1, 4, 6, 2, 3, 5, 7]
Round 930: [7, 3, 2, 5, 6, 4, 1]
Round 931: [5, 6, 1, 2, 7, 4, 3]
Round 932: [5, 2, 3, 6, 4, 7, 1]
Round 933: [5, 1, 2, 4, 3, 7, 6]
Round 934: [5, 7, 3, 4, 2, 6, 1]
Round 935: [1, 6, 4, 3, 7, 2, 5]
Round 936: [2, 4, 1, 3, 6, 7, 5]
Round 937: [6, 1, 5, 4, 7, 2, 3]
Round 938: [4, 3, 1, 2, 6, 5, 7]
Round 939: [1, 5, 4, 3, 2, 7, 6]
Round 940: [7, 1, 2, 4, 5, 3, 6]
Round 941: [1, 5, 6, 2, 7, 3, 4]
Round 942: [3, 1, 2, 4, 7, 5, 6]
Round 943: [5, 2, 3, 1, 4, 6, 7]
Round 944: [1, 5, 3, 7, 4, 6, 2]
Round 945: [3, 7, 2, 4, 1, 5, 6]
Round 946: [2, 1, 5, 3, 6, 7, 4]
Round 947: [1, 5, 2, 7, 4, 3, 6]
Round 948: [1, 4, 2, 3, 5, 7, 6]
Round 949: [6, 5, 1, 3, 2, 4, 7]
Round 950: [3, 1, 5, 2, 4, 6, 7]
Round 951: [2, 3, 7, 6, 1, 4, 5]
Round 952: [5, 2, 3, 4, 7, 1, 6]
Round 953: [3, 2, 5, 1, 6, 4, 7]
Round 954: [5, 7, 2, 3, 6, 4, 1]
Round 955: [7, 6, 1, 4, 5, 2, 3]
Round 956: [5, 7, 4, 2, 1, 3, 6]
Round 957: [4, 1, 2, 7, 6, 5, 3]
Round 958: [4, 5, 2, 6, 3, 1, 7]
Round 959: [3, 7, 1, 2, 6, 4, 5]
Round 960: [5, 6, 3, 1, 7, 4, 2]
Round 961: [6, 3, 1, 2, 5, 7, 4]
Round 962: [5, 2, 4, 7, 6, 3, 1]
Round 963: [7, 1, 4, 3, 6, 2, 5]
Round 964: [3, 1, 2, 4, 6, 7, 5]
Round 965: [2, 7, 1, 5, 3, 6, 4]
Round 966: [4, 1, 3, 6, 5, 2, 7]
Round 967: [6, 2, 7, 4, 1, 5, 3]
Round 968: [6, 2, 5, 1, 4, 7, 3]
Round 969: [2, 6, 7, 5, 3, 1, 4]
Round 970: [3, 6, 4, 5, 2, 7, 1]
Round 971: [5, 2, 4, 1, 7, 6, 3]
Round 972: [6, 2, 7, 5, 1, 3, 4]
Round 973: [3, 6, 4, 1, 7, 2, 5]
Round 974: [4, 3, 6, 1, 7, 2, 5]
Round 975: [4, 3, 1, 7, 5, 6, 2]
Round 976: [2, 6, 1, 4, 5, 3, 7]
Round 977: [3, 7, 5, 2, 4, 1, 6]
Round 978: [2, 6, 5, 3, 4, 7, 1]
Round 979: [6, 5, 3, 4, 2, 7, 1]
Round 980: [3, 7, 5, 1, 4, 2, 6]
Round 981: [4, 1, 2, 5, 3, 7, 6]
Round 982: [4, 3, 6, 5, 7, 1, 2]
Round 983: [6, 7, 3, 1, 4, 2, 5]
Round 984: [4, 1, 3, 2, 5, 7, 6]
Round 985: [1, 4, 5, 3, 6, 7, 2]
Round 986: [7, 3, 1, 6, 5, 4, 2]
Round 987: [4, 5, 7, 2, 1, 3, 6]
Round 988: [4, 3, 1, 2, 6, 7, 5]
Round 989: [1, 3, 7, 6, 5, 2, 4]
Round 990: [3, 1, 6, 2, 7, 5, 4]
Round 991: [1, 3, 2, 7, 5, 4, 6]
Round 992: [4, 1, 7, 6, 5, 3, 2]
Round 993: [7, 3, 4, 2, 5, 1, 6]
Round 994: [7, 2, 3, 1, 6, 5, 4]
Round 995: [3, 7, 6, 5, 2, 1, 4]
Round 996: [4, 6, 3, 5, 1, 2, 7]
Round 997: [4, 1, 3, 2, 5, 6, 7]
Round 998: [4, 5, 3, 6, 7, 2, 1]
Round 999: [7, 2, 5, 1, 3, 6, 4]
Round 1000: [3, 7, 2, 6, 5, 1, 4]
Round 1001: [1, 2, 7, 3, 5, 6, 4]
Round 1002: [6, 1, 3, 4, 7, 2, 5]
Round 1003: [1, 5, 4, 3, 6, 2, 7]
Round 1004: [6, 2, 4, 1, 3, 7, 5]
Round 1005: [3, 7, 4, 6, 5, 1, 2]
Round 1006: [5, 7, 2, 6, 1, 3, 4]
Round 1007: [7, 4, 3, 2, 1, 5, 6]
Round 1008: [1, 3, 5, 4, 6, 7, 2]
Round 1009: [7, 1, 6, 3, 5, 4, 2]
Round 1010: [7, 2, 1, 5, 3, 6, 4]
Round 1011: [6, 1, 5, 4, 2, 3, 7]
Round 1012: [2, 7, 6, 5, 1, 3, 4]
Round 1013: [6, 2, 1, 3, 4, 7, 5]
Round 1014: [6, 4, 5, 2, 3, 7, 1]
Round 1015: [1, 2, 6, 5, 7, 3, 4]
Round 1016: [6, 4, 2, 1, 7, 3, 5]
Round 1017: [6, 5, 1, 7, 3, 4, 2]
Round 1018: [3, 4, 1, 2, 7, 5, 6]
Round 1019: [7, 3, 4, 2, 5, 1, 6]
Round 1020: [5, 4, 2, 3, 1, 7, 6]
Round 1021: [3, 6, 1, 2, 5, 7, 4]
Round 1022: [7, 3, 2, 5, 1, 4, 6]
Round 1023: [4, 1, 5, 6, 3, 2, 7]
Round 1024: [2, 3, 6, 5, 7, 4, 1]
Round 1025: [6, 4, 7, 3, 2, 1, 5]
Round 1026: [4, 5, 7, 6, 3, 2, 1]
Round 1027: [1, 6, 2, 5, 3, 7, 4]
Round 1028: [7, 1, 2, 5, 3, 4, 6]
Round 1029: [2, 7, 1, 6, 5, 4, 3]
Round 1030: [6, 4, 1, 5, 2, 7, 3]
Round 1031: [6, 2, 5, 1, 3, 4, 7]
Round 1032: [3, 6, 4, 2, 7, 1, 5]
Round 1033: [3, 1, 2, 7, 5, 6, 4]
Round 1034: [4, 2, 1, 6, 7, 5, 3]
Round 1035: [6, 1, 2, 3, 5, 4, 7]
Round 1036: [3, 4, 1, 5, 2, 7, 6]
Round 1037: [7, 4, 2, 6, 1, 3, 5]
Round 1038: [6, 4, 3, 1, 5, 7, 2]
Round 1039: [2, 3, 6, 1, 5, 4, 7]
Round 1040: [4, 2, 3, 1, 7, 5, 6]
Round 1041: [7, 6, 2, 3, 5, 1, 4]
Round 1042: [7, 2, 3, 5, 1, 4, 6]
Round 1043: [7, 1, 5, 2, 4, 3, 6]
Round 1044: [7, 4, 5, 1, 2, 6, 3]
Round 1045: [2, 6, 7, 4, 5, 1, 3]
Round 1046: [4, 6, 7, 2, 1, 3, 5]
Round 1047: [3, 1, 5, 4, 7, 2, 6]
Round 1048: [1, 4, 6, 7, 5, 3, 2]
Round 1049: [7, 6, 3, 5, 2, 1, 4]
Round 1050: [4, 7, 3, 5, 1, 6, 2]
Round 1051: [5, 3, 1, 7, 4, 6, 2]
Round 1052: [5, 6, 1, 2, 3, 7, 4]
Round 1053: [2, 6, 4, 5, 7, 1, 3]
Round 1054: [5, 2, 6, 7, 3, 4, 1]
Round 1055: [7, 6, 3, 5, 1, 2, 4]
Round 1056: [5, 3, 1, 6, 4, 2, 7]
Round 1057: [3, 7, 5, 2, 6, 1, 4]
Round 1058: [1, 5, 6, 3, 7, 4, 2]
Round 1059: [5, 3, 4, 6, 7, 2, 1]
Round 1060: [6, 3, 7, 2, 4, 5, 1]
Round 1061: [1, 6, 7, 2, 4, 5, 3]
Round 1062: [7, 4, 5, 1, 2, 6, 3]
Round 1063: [7, 5, 3, 1, 6, 2, 4]
Round 1064: [6, 2, 7, 1, 4, 3, 5]
Round 1065: [2, 3, 6, 1, 4, 7, 5]
Round 1066: [2, 1, 7, 5, 6, 4, 3]
Round 1067: [2, 6, 3, 5, 7, 1, 4]
Round 1068: [7, 1, 4, 5, 6, 3, 2]
Round 1069: [2, 4, 7, 1, 5, 3, 6]
Round 1070: [4, 6, 1, 5, 7, 2, 3]
Round 1071: [2, 6, 5, 7, 1, 4, 3]
Round 1072: [2, 3, 5, 4, 7, 1, 6]
Round 1073: [4, 7, 5, 2, 3, 1, 6]
Round 1074: [1, 6, 3, 4, 7, 5, 2]
Round 1075: [6, 7, 2, 3, 1, 5, 4]
Round 1076: [1, 3, 6, 2, 4, 7, 5]
Round 1077: [7, 5, 1, 3, 2, 4, 6]
Round 1078: [4, 7, 3, 6, 1, 2, 5]
Round 1079: [2, 6, 1, 4, 5, 3, 7]
Round 1080: [1, 6, 7, 5, 3, 4, 2]
Round 1081: [6, 2, 5, 1, 7, 3, 4]
Round 1082: [2, 6, 4, 1, 3, 7, 5]
Round 1083: [7, 6, 1, 2, 3, 5, 4]
Round 1084: [4, 7, 3, 1, 6, 5, 2]
Round 1085: [1, 7, 5, 4, 6, 3, 2]
Round 1086: [4, 2, 6, 3, 5, 7, 1]
Round 1087: [6, 2, 3, 4, 1, 5, 7]
Round 1088: [2, 5, 6, 4, 3, 1, 7]
Round 1089: [6, 5, 4, 3, 1, 7, 2]
Round 1090: [1, 4, 6, 2, 7, 3, 5]
Round 1091: [3, 6, 4, 1, 7, 2, 5]
Round 1092: [3, 4, 5, 6, 1, 2, 7]
Round 1093: [1, 6, 7, 2, 3, 5, 4]
Round 1094: [4, 7, 5, 6, 2, 1, 3]
Round 1095: [3, 5, 1, 4, 6, 2, 7]
Round 1096: [6, 3, 4, 2, 1, 5, 7]
Round 1097: [2, 3, 7, 6, 1, 4, 5]
Round 1098: [5, 4, 6, 2, 1, 7, 3]
Round 1099: [7, 4, 1, 2, 6, 3, 5]
Round 1100: [3, 5, 4, 1, 7, 6, 2]
Round 1101: [1, 4, 3, 2, 6, 5, 7]
Round 1102: [7, 6, 3, 2, 5, 4, 1]
Round 1103: [2, 7, 3, 1, 4, 6, 5]
Round 1104: [3, 1, 4, 6, 7, 5, 2]
Round 1105: [2, 7, 3, 1, 5, 4, 6]
Round 1106: [4, 1, 2, 3, 6, 7, 5]
Round 1107: [1, 6, 7, 3, 2, 5, 4]
Round 1108: [1, 6, 5, 3, 7, 2, 4]
Round 1109: [1, 4, 2, 6, 3, 7, 5]
Round 1110: [4, 2, 3, 1, 7, 6, 5]
Round 1111: [6, 3, 2, 7, 5, 1, 4]
Round 1112: [2, 1, 4, 7, 5, 6, 3]
Round 1113: [1, 7, 6, 2, 3, 5, 4]
Round 1114: [4, 2, 6, 5, 7, 1, 3]
Round 1115: [3, 6, 4, 5, 2, 7, 1]
Round 1116: [7, 1, 6, 2, 5, 4, 3]
Round 1117: [1, 5, 6, 7, 2, 4, 3]
Round 1118: [2, 6, 4, 7, 1, 5, 3]
Round 1119: [3, 2, 5, 7, 6, 1, 4]
Round 1120: [6, 7, 1, 5, 3, 2, 4]
Round 1121: [2, 6, 1, 4, 3, 5, 7]
Round 1122: [6, 3, 4, 2, 5, 1, 7]
Round 1123: [5, 1, 2, 7, 3, 4, 6]
Round 1124: [2, 4, 3, 6, 7, 5, 1]
Round 1125: [2, 5, 3, 7, 1, 4, 6]
Round 1126: [6, 2, 7, 3, 5, 1, 4]
Round 1127: [4, 1, 6, 7, 3, 5, 2]
Round 1128: [1, 7, 4, 2, 3, 5, 6]
Round 1129: [6, 3, 5, 7, 1, 4, 2]
Round 1130: [3, 1, 6, 2, 5, 4, 7]
Round 1131: [4, 6, 7, 2, 5, 3, 1]
Round 1132: [2, 6, 5, 4, 7, 3, 1]
Round 1133: [3, 7, 5, 6, 2, 1, 4]
Round 1134: [5, 4, 6, 1, 2, 3, 7]
Round 1135: [4, 3, 5, 2, 6, 1, 7]
Round 1136: [4, 2, 7, 5, 6, 3, 1]
Round 1137: [2, 4, 6, 3, 1, 7, 5]
Round 1138: [6, 3, 1, 5, 4, 7, 2]
Round 1139: [1, 6, 3, 4, 2, 7, 5]
Round 1140: [2, 4, 5, 3, 7, 1, 6]
Round 1141: [7, 5, 4, 3, 6, 1, 2]
Round 1142: [2, 4, 6, 3, 1, 7, 5]
Round 1143: [2, 7, 6, 3, 1, 4, 5]
Round 1144: [4, 7, 2, 6, 3, 5, 1]
Round 1145: [6, 3, 2, 7, 1, 5, 4]
Round 1146: [2, 3, 7, 6, 4, 5, 1]
Round 1147: [2, 3, 7, 6, 1, 5, 4]
Round 1148: [2, 5, 1, 3, 6, 7, 4]
Round 1149: [4, 2, 5, 3, 7, 1, 6]
Round 1150: [2, 6, 5, 1, 4, 7, 3]
Round 1151: [1, 6, 7, 4, 5, 3, 2]
Round 1152: [7, 2, 5, 4, 6, 1, 3]
Round 1153: [1, 5, 4, 7, 6, 2, 3]
Round 1154: [5, 3, 2, 1, 4, 7, 6]
Round 1155: [3, 5, 7, 2, 4, 6, 1]
Round 1156: [7, 4, 6, 3, 1, 5, 2]
Round 1157: [2, 4, 7, 1, 3, 5, 6]
Round 1158: [1, 4, 6, 5, 7, 3, 2]
Round 1159: [2, 7, 4, 6, 1, 3, 5]
Round 1160: [5, 1, 7, 3, 4, 2, 6]
Round 1161: [6, 4, 5, 1, 2, 7, 3]
Round 1162: [7, 1, 4, 6, 2, 5, 3]
Round 1163: [6, 3, 4, 5, 7, 2, 1]
Round 1164: [2, 1, 5, 6, 4, 3, 7]
Round 1165: [2, 7, 5, 3, 4, 1, 6]
Round 1166: [5, 1, 4, 6, 2, 7, 3]
Round 1167: [4, 2, 3, 7, 1, 5, 6]
Round 1168: [3, 4, 1, 7, 2, 6, 5]
Round 1169: [3, 5, 7, 6, 4, 1, 2]
Round 1170: [3, 6, 4, 7, 1, 5, 2]
Round 1171: [7, 5, 2, 1, 4, 6, 3]
Round 1172: [3, 6, 2, 7, 5, 1, 4]
Round 1173: [5, 7, 1, 2, 6, 3, 4]
Round 1174: [6, 5, 3, 7, 2, 1, 4]
Round 1175: [4, 1, 5, 3, 2, 7, 6]
Round 1176: [5, 7, 2, 6, 4, 3, 1]
Round 1177: [4, 6, 5, 1, 7, 2, 3]
Round 1178: [6, 7, 2, 5, 3, 4, 1]
Round 1179: [2, 1, 6, 7, 3, 5, 4]
Round 1180: [1, 3, 6, 7, 4, 5, 2]
Round 1181: [7, 4, 2, 3, 5, 6, 1]
Round 1182: [4, 6, 5, 1, 3, 2, 7]
Round 1183: [2, 3, 5, 6, 7, 1, 4]
Round 1184: [1, 4, 3, 6, 5, 2, 7]
Round 1185: [4, 2, 1, 6, 3, 7, 5]
Round 1186: [1, 3, 7, 4, 6, 2, 5]
Round 1187: [5, 3, 2, 1, 7, 6, 4]
Round 1188: [4, 6, 5, 1, 7, 3, 2]
Round 1189: [4, 3, 2, 5, 1, 7, 6]
Round 1190: [2, 3, 1, 4, 5, 6, 7]
Round 1191: [3, 7, 5, 2, 4, 6, 1]
Round 1192: [2, 4, 1, 5, 3, 7, 6]
Round 1193: [4, 1, 7, 3, 2, 5, 6]
Round 1194: [6, 5, 3, 2, 7, 4, 1]
Round 1195: [7, 1, 5, 4, 6, 2, 3]
Round 1196: [6, 3, 5, 7, 2, 4, 1]
Round 1197: [6, 3, 1, 7, 4, 2, 5]
Round 1198: [5, 7, 1, 6, 3, 4, 2]
Round 1199: [1, 4, 6, 3, 5, 2, 7]
Round 1200: [1, 5, 7, 6, 2, 3, 4]
Round 1201: [2, 5, 6, 7, 4, 1, 3]
Round 1202: [7, 5, 4, 1, 2, 3, 6]
Round 1203: [3, 6, 1, 5, 2, 4, 7]
Round 1204: [2, 5, 1, 7, 4, 3, 6]
Round 1205: [4, 6, 1, 2, 3, 7, 5]
Round 1206: [5, 4, 2, 1, 6, 7, 3]
Round 1207: [1, 7, 4, 2, 6, 5, 3]
Round 1208: [7, 3, 2, 6, 5, 4, 1]
Round 1209: [4, 2, 1, 7, 6, 5, 3]
Round 1210: [5, 2, 1, 3, 6, 4, 7]
Round 1211: [3, 6, 5, 4, 2, 7, 1]
Round 1212: [5, 4, 2, 3, 1, 6, 7]
Round 1213: [4, 2, 6, 5, 1, 7, 3]
Round 1214: [4, 5, 3, 2, 1, 7, 6]
Round 1215: [6, 3, 7, 1, 5, 2, 4]
Round 1216: [5, 7, 2, 4, 6, 3, 1]
Round 1217: [5, 6, 2, 3, 1, 7, 4]
Round 1218: [1, 7, 4, 3, 2, 6, 5]
Round 1219: [2, 3, 6, 7, 1, 5, 4]
Round 1220: [3, 1, 2, 5, 7, 6, 4]
Round 1221: [3, 1, 6, 7, 4, 5, 2]
Round 1222: [3, 6, 5, 2, 1, 4, 7]
Round 1223: [7, 3, 1, 5, 2, 6, 4]
Round 1224: [4, 2, 3, 7, 6, 5, 1]
Round 1225: [3, 5, 6, 1, 4, 2, 7]
Round 1226: [7, 3, 6, 1, 5, 2, 4]
Round 1227: [5, 2, 4, 3, 7, 6, 1]
Round 1228: [4, 2, 3, 6, 7, 1, 5]
Round 1229: [3, 5, 2, 4, 6, 7, 1]
Round 1230: [6, 2, 3, 1, 5, 4, 7]
Round 1231: [5, 7, 3, 1, 2, 4, 6]
Round 1232: [5, 1, 7, 3, 4, 2, 6]
Round 1233: [5, 1, 6, 3, 4, 2, 7]
Round 1234: [5, 1, 6, 4, 3, 2, 7]
Round 1235: [3, 2, 1, 5, 7, 6, 4]
Round 1236: [2, 1, 4, 7, 3, 6, 5]
Round 1237: [7, 5, 2, 3, 4, 1, 6]
Round 1238: [6, 7, 5, 1, 4, 2, 3]
Round 1239: [7, 1, 4, 6, 2, 3, 5]
Round 1240: [3, 6, 1, 2, 5, 4, 7]
Round 1241: [1, 2, 3, 7, 5, 6, 4]
Round 1242: [2, 6, 3, 1, 4, 7, 5]
Round 1243: [7, 1, 6, 2, 3, 4, 5]
Round 1244: [3, 7, 5, 4, 1, 2, 6]
Round 1245: [4, 7, 1, 6, 2, 3, 5]
Round 1246: [6, 3, 4, 2, 1, 7, 5]
Round 1247: [1, 6, 2, 5, 7, 4, 3]
Round 1248: [3, 1, 5, 7, 2, 6, 4]
Round 1249: [5, 4, 7, 6, 3, 1, 2]
Round 1250: [2, 6, 5, 3, 7, 4, 1]
Round 1251: [6, 2, 5, 7, 3, 1, 4]
Round 1252: [4, 5, 7, 3, 1, 6, 2]
Round 1253: [6, 7, 5, 1, 4, 2, 3]
Round 1254: [7, 4, 1, 5, 3, 2, 6]
Round 1255: [6, 3, 4, 2, 1, 7, 5]
Round 1256: [7, 6, 5, 2, 3, 1, 4]
Round 1257: [6, 3, 2, 4, 1, 5, 7]
Round 1258: [5, 2, 6, 7, 3, 1, 4]
Round 1259: [3, 7, 5, 6, 1, 4, 2]
Round 1260: [7, 4, 1, 3, 2, 6, 5]
Round 1261: [4, 1, 6, 5, 2, 3, 7]
Round 1262: [3, 6, 2, 5, 1, 7, 4]
Round 1263: [2, 1, 4, 5, 6, 7, 3]
Round 1264: [1, 6, 3, 7, 5, 4, 2]
Round 1265: [4, 3, 6, 5, 7, 2, 1]
Round 1266: [3, 5, 2, 6, 4, 1, 7]
Round 1267: [4, 5, 3, 7, 2, 6, 1]
Round 1268: [1, 7, 2, 3, 6, 5, 4]
Round 1269: [7, 4, 3, 1, 5, 2, 6]
Round 1270: [5, 4, 6, 3, 2, 1, 7]
Round 1271: [7, 1, 3, 5, 4, 6, 2]
Round 1272: [4, 2, 7, 6, 3, 5, 1]
Round 1273: [4, 2, 5, 1, 6, 7, 3]
Round 1274: [3, 5, 4, 2, 7, 1, 6]
Round 1275: [3, 6, 4, 5, 7, 2, 1]
Round 1276: [7, 5, 2, 6, 1, 3, 4]
Round 1277: [2, 3, 5, 4, 6, 1, 7]
Round 1278: [6, 4, 3, 2, 1, 7, 5]
Round 1279: [5, 7, 4, 1, 3, 2, 6]
Round 1280: [2, 4, 6, 3, 1, 7, 5]
Round 1281: [3, 5, 6, 1, 2, 4, 7]
Round 1282: [6, 2, 1, 4, 5, 3, 7]
Round 1283: [1, 7, 5, 2, 4, 3, 6]
Round 1284: [5, 3, 4, 6, 7, 2, 1]
Round 1285: [1, 3, 2, 7, 5, 4, 6]
Round 1286: [5, 1, 6, 4, 7, 2, 3]
Round 1287: [2, 6, 7, 1, 4, 5, 3]
Round 1288: [5, 3, 2, 6, 1, 7, 4]
Round 1289: [3, 6, 1, 5, 4, 7, 2]
Round 1290: [4, 7, 6, 3, 5, 2, 1]
Round 1291: [4, 1, 2, 6, 7, 3, 5]
Round 1292: [3, 4, 7, 5, 2, 6, 1]
Round 1293: [6, 2, 7, 3, 5, 1, 4]
Round 1294: [5, 6, 1, 4, 3, 2, 7]
Round 1295: [1, 4, 2, 5, 6, 3, 7]
Round 1296: [4, 7, 2, 5, 3, 6, 1]
Round 1297: [3, 2, 1, 6, 4, 5, 7]
Round 1298: [5, 4, 1, 3, 6, 2, 7]
Round 1299: [4, 5, 1, 3, 2, 7, 6]
Round 1300: [4, 6, 7, 5, 3, 1, 2]
Round 1301: [3, 6, 5, 1, 2, 4, 7]
Round 1302: [5, 4, 1, 3, 2, 6, 7]
Round 1303: [3, 1, 4, 5, 6, 2, 7]
Round 1304: [7, 2, 5, 1, 3, 6, 4]
Round 1305: [1, 2, 5, 3, 6, 7, 4]
Round 1306: [1, 5, 6, 2, 7, 4, 3]
Round 1307: [5, 1, 3, 7, 2, 4, 6]
Round 1308: [6, 3, 2, 4, 5, 1, 7]
Round 1309: [7, 6, 4, 1, 5, 2, 3]
Round 1310: [4, 5, 2, 3, 6, 1, 7]
Round 1311: [1, 6, 5, 7, 3, 4, 2]
Round 1312: [2, 5, 4, 6, 1, 3, 7]
Round 1313: [3, 1, 4, 7, 2, 6, 5]
Round 1314: [3, 7, 5, 2, 1, 4, 6]
Round 1315: [3, 7, 2, 1, 5, 6, 4]
Round 1316: [3, 6, 1, 5, 4, 7, 2]
Round 1317: [6, 2, 1, 7, 4, 3, 5]
Round 1318: [2, 1, 4, 7, 6, 5, 3]
Round 1319: [4, 5, 1, 6, 3, 2, 7]
Round 1320: [4, 7, 5, 1, 2, 3, 6]
Round 1321: [1, 3, 7, 4, 2, 5, 6]
Round 1322: [6, 3, 7, 5, 1, 2, 4]
Round 1323: [6, 3, 7, 1, 5, 2, 4]
Round 1324: [2, 7, 6, 3, 5, 4, 1]
Round 1325: [1, 5, 4, 6, 2, 7, 3]
Round 1326: [1, 4, 6, 2, 3, 5, 7]
Round 1327: [1, 3, 4, 6, 2, 7, 5]
Round 1328: [1, 6, 7, 4, 3, 2, 5]
Round 1329: [2, 6, 4, 3, 5, 1, 7]
Round 1330: [4, 3, 7, 6, 1, 5, 2]
Round 1331: [1, 2, 6, 7, 3, 4, 5]
Round 1332: [7, 5, 6, 2, 4, 1, 3]
Round 1333: [3, 4, 2, 5, 1, 6, 7]
Round 1334: [6, 7, 1, 5, 3, 4, 2]
Round 1335: [6, 4, 3, 7, 1, 5, 2]
Round 1336: [7, 6, 3, 1, 2, 5, 4]
Round 1337: [4, 7, 2, 1, 5, 6, 3]
Round 1338: [3, 4, 5, 6, 2, 1, 7]
Round 1339: [5, 1, 2, 7, 3, 4, 6]
Round 1340: [5, 3, 4, 7, 6, 1, 2]
Round 1341: [2, 7, 4, 5, 1, 6, 3]
Round 1342: [4, 3, 5, 1, 7, 6, 2]
Round 1343: [6, 3, 5, 2, 7, 4, 1]
Round 1344: [3, 5, 4, 1, 2, 7, 6]
Round 1345: [6, 7, 4, 1, 2, 5, 3]
Round 1346: [3, 5, 7, 6, 4, 2, 1]
Round 1347: [1, 3, 6, 7, 4, 2, 5]
Round 1348: [3, 7, 5, 6, 1, 4, 2]
Round 1349: [7, 3, 2, 5, 6, 4, 1]
Round 1350: [1, 7, 4, 5, 6, 2, 3]
Round 1351: [1, 3, 5, 4, 6, 7, 2]
Round 1352: [1, 5, 7, 4, 6, 2, 3]
Round 1353: [5, 4, 7, 2, 1, 3, 6]
Round 1354: [5, 2, 6, 4, 7, 1, 3]
Round 1355: [6, 3, 7, 2, 1, 4, 5]
Round 1356: [2, 4, 7, 6, 3, 1, 5]
Round 1357: [4, 1, 2, 5, 3, 6, 7]
Round 1358: [3, 7, 5, 6, 2, 4, 1]
Round 1359: [6, 5, 7, 2, 4, 1, 3]
Round 1360: [3, 1, 7, 6, 2, 4, 5]
Round 1361: [6, 2, 1, 5, 3, 7, 4]
Round 1362: [3, 6, 4, 1, 5, 2, 7]
Round 1363: [5, 3, 6, 2, 4, 1, 7]
Round 1364: [7, 2, 5, 6, 4, 1, 3]
Round 1365: [5, 3, 2, 4, 6, 1, 7]
Round 1366: [1, 6, 4, 3, 7, 5, 2]
Round 1367: [3, 4, 7, 5, 2, 6, 1]
Round 1368: [4, 5, 6, 3, 1, 2, 7]
Round 1369: [4, 2, 5, 3, 6, 7, 1]
Round 1370: [2, 5, 6, 3, 4, 7, 1]
Round 1371: [1, 2, 5, 6, 7, 3, 4]
Round 1372: [7, 2, 3, 5, 4, 6, 1]
Round 1373: [4, 2, 5, 1, 7, 6, 3]
Round 1374: [7, 6, 3, 5, 2, 1, 4]
Round 1375: [5, 1, 7, 3, 6, 2, 4]
Round 1376: [4, 5, 6, 2, 7, 3, 1]
Round 1377: [4, 6, 3, 1, 2, 5, 7]
Round 1378: [4, 1, 3, 2, 6, 5, 7]
Round 1379: [7, 4, 2, 6, 1, 3, 5]
Round 1380: [2, 3, 7, 6, 4, 5, 1]
Round 1381: [2, 3, 7, 5, 1, 6, 4]
Round 1382: [2, 5, 6, 4, 7, 1, 3]
Round 1383: [5, 4, 2, 7, 6, 1, 3]
Round 1384: [4, 3, 1, 2, 6, 7, 5]
Round 1385: [4, 2, 6, 5, 3, 1, 7]
Round 1386: [1, 4, 7, 2, 6, 3, 5]
Round 1387: [4, 6, 7, 1, 5, 3, 2]
Round 1388: [2, 5, 3, 6, 4, 7, 1]
Round 1389: [2, 4, 6, 7, 3, 5, 1]
Round 1390: [5, 2, 3, 7, 1, 6, 4]
Round 1391: [7, 1, 4, 3, 6, 2, 5]
Round 1392: [5, 6, 4, 3, 2, 7, 1]
Round 1393: [3, 1, 5, 4, 6, 2, 7]
Round 1394: [3, 1, 4, 2, 5, 6, 7]
Round 1395: [7, 5, 3, 4, 1, 2, 6]
Round 1396: [4, 3, 5, 7, 6, 1, 2]
Round 1397: [6, 7, 1, 5, 4, 2, 3]
Round 1398: [5, 4, 1, 2, 3, 7, 6]
Round 1399: [7, 4, 5, 3, 1, 6, 2]
Round 1400: [4, 2, 6, 1, 5, 7, 3]
Round 1401: [1, 6, 3, 5, 2, 4, 7]
Round 1402: [3, 7, 1, 2, 4, 5, 6]
Round 1403: [4, 7, 3, 5, 6, 1, 2]
Round 1404: [6, 1, 5, 7, 4, 2, 3]
Round 1405: [2, 1, 6, 3, 5, 7, 4]
Round 1406: [5, 2, 3, 4, 6, 1, 7]
Round 1407: [6, 7, 4, 2, 5, 1, 3]
Round 1408: [7, 4, 6, 3, 2, 1, 5]
Round 1409: [3, 4, 7, 5, 2, 6, 1]
Round 1410: [5, 3, 7, 2, 4, 6, 1]
Round 1411: [6, 4, 3, 7, 1, 2, 5]
Round 1412: [2, 6, 3, 4, 1, 7, 5]
Round 1413: [5, 1, 4, 3, 2, 7, 6]
Round 1414: [1, 3, 7, 2, 5, 4, 6]
Round 1415: [4, 3, 5, 6, 1, 2, 7]
Round 1416: [1, 5, 3, 2, 7, 4, 6]
Round 1417: [3, 2, 5, 4, 1, 7, 6]
Round 1418: [4, 3, 6, 5, 7, 1, 2]
Round 1419: [3, 5, 7, 4, 6, 1, 2]
Round 1420: [2, 3, 7, 5, 6, 1, 4]
Round 1421: [1, 7, 2, 6, 5, 3, 4]
Round 1422: [6, 4, 7, 2, 1, 3, 5]
Round 1423: [4, 6, 3, 5, 7, 2, 1]
Round 1424: [3, 5, 1, 6, 2, 7, 4]
Round 1425: [2, 7, 6, 5, 1, 3, 4]
Round 1426: [7, 2, 6, 1, 5, 3, 4]
Round 1427: [1, 5, 2, 6, 3, 4, 7]
Round 1428: [2, 7, 3, 4, 5, 6, 1]
Round 1429: [3, 4, 2, 6, 7, 1, 5]
Round 1430: [5, 1, 3, 2, 7, 4, 6]
Round 1431: [3, 4, 7, 2, 5, 1, 6]
Round 1432: [4, 7, 6, 1, 3, 2, 5]
Round 1433: [3, 4, 7, 6, 5, 1, 2]
Round 1434: [1, 5, 2, 7, 3, 4, 6]
Round 1435: [7, 6, 3, 4, 1, 5, 2]
Round 1436: [1, 2, 3, 6, 7, 5, 4]
Round 1437: [1, 4, 2, 3, 7, 5, 6]
Round 1438: [4, 3, 2, 6, 1, 5, 7]
Round 1439: [1, 3, 5, 7, 6, 4, 2]
Round 1440: [3, 7, 2, 4, 5, 6, 1]
Round 1441: [1, 3, 4, 2, 7, 5, 6]
Round 1442: [2, 1, 6, 4, 5, 3, 7]
Round 1443: [4, 3, 1, 6, 5, 7, 2]
Round 1444: [7, 6, 2, 4, 3, 5, 1]
Round 1445: [5, 3, 1, 7, 4, 2, 6]
Round 1446: [4, 3, 1, 5, 6, 2, 7]
Round 1447: [7, 6, 4, 1, 2, 5, 3]
Round 1448: [1, 2, 6, 5, 4, 3, 7]
Round 1449: [3, 7, 4, 5, 1, 2, 6]
Round 1450: [4, 6, 1, 2, 3, 5, 7]
Round 1451: [3, 5, 4, 2, 7, 6, 1]
Round 1452: [2, 5, 7, 4, 6, 1, 3]
Round 1453: [2, 6, 5, 7, 1, 4, 3]
Round 1454: [6, 7, 5, 3, 1, 4, 2]
Round 1455: [7, 6, 2, 1, 3, 5, 4]
Round 1456: [4, 2, 7, 1, 5, 6, 3]
Round 1457: [4, 5, 2, 7, 6, 3, 1]
Round 1458: [5, 3, 4, 1, 6, 7, 2]
Round 1459: [2, 7, 6, 1, 3, 4, 5]
Round 1460: [5, 6, 1, 3, 2, 7, 4]
Round 1461: [3, 4, 1, 6, 5, 2, 7]
Round 1462: [3, 4, 2, 7, 6, 5, 1]
Round 1463: [4, 1, 6, 3, 5, 7, 2]
Round 1464: [3, 6, 4, 2, 1, 7, 5]
Round 1465: [1, 3, 6, 7, 4, 2, 5]
Round 1466: [6, 1, 3, 4, 2, 5, 7]
Round 1467: [5, 3, 1, 2, 7, 4, 6]
Round 1468: [2, 6, 1, 7, 3, 5, 4]
Round 1469: [1, 4, 6, 2, 7, 3, 5]
Round 1470: [6, 2, 1, 5, 3, 7, 4]
Round 1471: [4, 6, 3, 1, 7, 2, 5]
Round 1472: [5, 3, 1, 6, 2, 7, 4]
Round 1473: [7, 4, 3, 2, 5, 6, 1]
Round 1474: [6, 5, 1, 4, 3, 7, 2]
Round 1475: [7, 2, 4, 5, 1, 3, 6]
Round 1476: [5, 2, 6, 7, 4, 1, 3]
Round 1477: [2, 6, 5, 4, 7, 1, 3]
Round 1478: [5, 7, 4, 2, 1, 3, 6]
Round 1479: [4, 3, 6, 2, 5, 1, 7]
Round 1480: [5, 7, 2, 6, 4, 3, 1]
Round 1481: [6, 5, 1, 2, 7, 3, 4]
Round 1482: [4, 7, 2, 3, 5, 6, 1]
Round 1483: [3, 4, 1, 6, 7, 5, 2]
Round 1484: [5, 3, 6, 2, 4, 1, 7]
Round 1485: [2, 5, 1, 6, 7, 3, 4]
Round 1486: [6, 4, 2, 5, 1, 3, 7]
Round 1487: [4, 7, 1, 6, 3, 5, 2]
Round 1488: [6, 7, 5, 2, 4, 1, 3]
Round 1489: [4, 1, 2, 5, 3, 7, 6]
Round 1490: [5, 3, 1, 6, 2, 4, 7]
Round 1491: [4, 6, 2, 1, 5, 3, 7]
Round 1492: [6, 5, 4, 3, 7, 2, 1]
Round 1493: [6, 1, 7, 3, 5, 4, 2]
Round 1494: [4, 7, 6, 2, 1, 5, 3]
Round 1495: [3, 5, 1, 7, 2, 6, 4]
Round 1496: [3, 2, 5, 6, 1, 4, 7]
Round 1497: [3, 1, 5, 4, 2, 7, 6]
Round 1498: [1, 5, 6, 3, 2, 4, 7]
Round 1499: [2, 5, 7, 1, 3, 6, 4]
Round 1500: [4, 5, 3, 2, 1, 7, 6]
Round 1501: [1, 5, 4, 2, 7, 3, 6]
Round 1502: [5, 4, 3, 1, 7, 6, 2]
Round 1503: [4, 5, 1, 2, 7, 3, 6]
Round 1504: [4, 5, 6, 3, 7, 2, 1]
Round 1505: [7, 2, 6, 1, 3, 4, 5]
Round 1506: [2, 7, 4, 5, 1, 3, 6]
Round 1507: [3, 2, 7, 5, 6, 1, 4]
Round 1508: [3, 5, 7, 1, 2, 6, 4]
Round 1509: [7, 5, 3, 6, 1, 2, 4]
Round 1510: [5, 6, 1, 3, 7, 4, 2]
Round 1511: [4, 2, 7, 6, 1, 5, 3]
Round 1512: [5, 1, 3, 4, 2, 6, 7]
Round 1513: [6, 2, 1, 4, 7, 3, 5]
Round 1514: [3, 6, 4, 7, 1, 2, 5]
Round 1515: [4, 6, 3, 5, 1, 2, 7]
Round 1516: [6, 7, 2, 4, 3, 5, 1]
Round 1517: [3, 2, 4, 5, 6, 7, 1]
Round 1518: [1, 7, 4, 3, 6, 5, 2]
Round 1519: [4, 1, 5, 3, 2, 6, 7]
Round 1520: [5, 6, 1, 2, 4, 3, 7]
Round 1521: [6, 2, 7, 3, 5, 1, 4]
Round 1522: [4, 6, 2, 5, 1, 7, 3]
Round 1523: [3, 2, 6, 7, 5, 4, 1]
Round 1524: [3, 1, 7, 4, 2, 6, 5]
Round 1525: [6, 1, 3, 5, 2, 4, 7]
Round 1526: [1, 5, 6, 3, 7, 2, 4]
Round 1527: [6, 4, 7, 3, 2, 5, 1]
Round 1528: [4, 2, 7, 3, 1, 6, 5]
Round 1529: [2, 7, 3, 6, 4, 1, 5]
Round 1530: [1, 6, 2, 3, 7, 5, 4]
Round 1531: [5, 1, 6, 4, 2, 3, 7]
Round 1532: [1, 2, 7, 5, 3, 6, 4]
Round 1533: [4, 1, 2, 6, 3, 7, 5]
Round 1534: [3, 1, 7, 4, 5, 2, 6]
Round 1535: [3, 1, 5, 4, 7, 6, 2]
Round 1536: [6, 7, 5, 3, 4, 2, 1]
Round 1537: [4, 6, 7, 3, 5, 2, 1]
Round 1538: [6, 2, 7, 3, 1, 4, 5]
Round 1539: [3, 6, 5, 4, 2, 1, 7]
Round 1540: [2, 6, 4, 5, 7, 1, 3]
Round 1541: [3, 7, 1, 4, 6, 5, 2]
Round 1542: [3, 5, 1, 6, 2, 7, 4]
Round 1543: [3, 1, 6, 7, 5, 4, 2]
Round 1544: [3, 2, 1, 7, 4, 6, 5]
Round 1545: [3, 4, 7, 1, 5, 6, 2]
Round 1546: [7, 4, 3, 6, 1, 2, 5]
Round 1547: [4, 2, 1, 6, 3, 7, 5]
Round 1548: [3, 4, 7, 5, 6, 1, 2]
Round 1549: [4, 7, 5, 6, 3, 2, 1]
Round 1550: [3, 6, 4, 7, 5, 1, 2]
Round 1551: [5, 3, 4, 1, 7, 2, 6]
Round 1552: [3, 1, 4, 5, 7, 2, 6]
Round 1553: [3, 7, 2, 6, 1, 4, 5]
Round 1554: [4, 7, 3, 5, 2, 1, 6]
Round 1555: [6, 7, 2, 3, 1, 5, 4]
Round 1556: [7, 5, 4, 2, 6, 3, 1]
Round 1557: [4, 6, 1, 7, 5, 2, 3]
Round 1558: [3, 5, 4, 1, 2, 6, 7]
Round 1559: [5, 6, 1, 3, 4, 7, 2]
Round 1560: [7, 1, 5, 4, 6, 3, 2]
Round 1561: [4, 1, 7, 2, 3, 5, 6]
Round 1562: [7, 6, 4, 2, 3, 5, 1]
Round 1563: [2, 1, 4, 3, 7, 6, 5]
Round 1564: [1, 3, 2, 6, 7, 4, 5]
Round 1565: [7, 1, 4, 3, 5, 6, 2]
Round 1566: [6, 1, 7, 4, 3, 5, 2]
Round 1567: [3, 1, 5, 2, 6, 4, 7]
Round 1568: [2, 4, 1, 3, 7, 6, 5]
Round 1569: [3, 7, 1, 5, 2, 6, 4]
Round 1570: [5, 6, 4, 7, 3, 2, 1]
Round 1571: [1, 5, 6, 2, 7, 4, 3]
Round 1572: [6, 3, 1, 7, 2, 4, 5]
Round 1573: [1, 7, 6, 3, 5, 4, 2]
Round 1574: [4, 5, 6, 3, 1, 7, 2]
Round 1575: [2, 1, 3, 5, 7, 6, 4]
Round 1576: [2, 1, 6, 5, 7, 3, 4]
Round 1577: [1, 3, 7, 6, 4, 5, 2]
Round 1578: [3, 7, 5, 2, 6, 1, 4]
Round 1579: [4, 3, 6, 2, 5, 7, 1]
Round 1580: [6, 1, 2, 7, 4, 3, 5]
Round 1581: [5, 2, 3, 1, 6, 4, 7]
Round 1582: [2, 7, 6, 3, 1, 5, 4]
Round 1583: [4, 1, 2, 3, 5, 7, 6]
Round 1584: [1, 3, 4, 5, 7, 2, 6]
Round 1585: [4, 7, 5, 1, 6, 3, 2]
Round 1586: [5, 1, 2, 3, 7, 6, 4]
Round 1587: [4, 7, 6, 3, 5, 2, 1]
Round 1588: [3, 2, 1, 4, 7, 6, 5]
Round 1589: [1, 4, 5, 7, 6, 2, 3]
Round 1590: [5, 2, 7, 1, 6, 3, 4]
Round 1591: [2, 7, 1, 5, 4, 6, 3]
Round 1592: [1, 5, 6, 4, 2, 3, 7]
Round 1593: [7, 6, 4, 1, 3, 2, 5]
Round 1594: [3, 4, 6, 2, 1, 5, 7]
Round 1595: [1, 7, 2, 4, 5, 6, 3]
Round 1596: [1, 5, 2, 4, 6, 3, 7]
Round 1597: [5, 3, 2, 4, 7, 1, 6]
Round 1598: [1, 2, 5, 6, 4, 7, 3]
Round 1599: [3, 6, 7, 4, 5, 1, 2]
Round 1600: [4, 2, 6, 3, 7, 1, 5]
Round 1601: [7, 2, 1, 3, 4, 5, 6]
Round 1602: [1, 5, 2, 7, 4, 3, 6]
Round 1603: [5, 2, 1, 6, 3, 4, 7]
Round 1604: [7, 3, 1, 4, 5, 6, 2]
Round 1605: [4, 7, 5, 1, 2, 3, 6]
Round 1606: [1, 3, 7, 6, 5, 4, 2]
Round 1607: [4, 3, 6, 1, 2, 5, 7]
Round 1608: [2, 3, 1, 5, 6, 7, 4]
Round 1609: [6, 3, 5, 7, 4, 2, 1]
Round 1610: [2, 4, 5, 3, 7, 6, 1]
Round 1611: [4, 5, 2, 7, 1, 6, 3]
Round 1612: [6, 4, 3, 7, 2, 5, 1]
Round 1613: [7, 1, 2, 3, 5, 4, 6]
Round 1614: [5, 1, 7, 2, 3, 4, 6]
Round 1615: [5, 3, 1, 4, 7, 6, 2]
Round 1616: [7, 2, 1, 5, 3, 6, 4]
Round 1617: [5, 4, 3, 6, 2, 7, 1]
Round 1618: [6, 3, 2, 1, 7, 5, 4]
Round 1619: [5, 6, 4, 2, 1, 7, 3]
Round 1620: [7, 2, 6, 3, 1, 4, 5]
Round 1621: [1, 7, 2, 6, 3, 5, 4]
Round 1622: [1, 6, 5, 7, 3, 4, 2]
Round 1623: [4, 5, 6, 7, 1, 3, 2]
Round 1624: [3, 2, 6, 7, 4, 1, 5]
Round 1625: [3, 2, 6, 1, 4, 7, 5]
Round 1626: [3, 2, 4, 7, 5, 6, 1]
Round 1627: [3, 2, 5, 7, 6, 1, 4]
Round 1628: [6, 2, 7, 4, 5, 1, 3]
Round 1629: [3, 7, 4, 1, 6, 2, 5]
Round 1630: [4, 1, 2, 3, 6, 5, 7]
Round 1631: [6, 5, 2, 1, 3, 4, 7]
Round 1632: [4, 7, 2, 6, 1, 3, 5]
Round 1633: [2, 7, 5, 1, 3, 4, 6]
Round 1634: [3, 2, 5, 1, 7, 6, 4]
Round 1635: [1, 5, 4, 3, 2, 6, 7]
Round 1636: [5, 6, 2, 1, 3, 4, 7]
Round 1637: [2, 5, 6, 7, 3, 1, 4]
Round 1638: [6, 3, 7, 4, 5, 1, 2]
Round 1639: [2, 6, 3, 4, 1, 5, 7]
Round 1640: [7, 1, 4, 5, 3, 6, 2]
Round 1641: [6, 5, 1, 7, 2, 4, 3]
Round 1642: [1, 5, 4, 3, 2, 7, 6]
Round 1643: [4, 5, 7, 3, 1, 2, 6]
Round 1644: [1, 7, 6, 5, 3, 2, 4]
Round 1645: [4, 1, 6, 7, 5, 2, 3]
Round 1646: [3, 5, 4, 2, 6, 1, 7]
Round 1647: [7, 5, 2, 3, 6, 1, 4]
Round 1648: [5, 4, 6, 2, 7, 3, 1]
Round 1649: [1, 6, 3, 4, 5, 7, 2]
Round 1650: [6, 2, 4, 1, 5, 3, 7]
Round 1651: [2, 3, 7, 5, 1, 6, 4]
Round 1652: [6, 1, 7, 3, 4, 5, 2]
Round 1653: [5, 1, 7, 3, 4, 6, 2]
Round 1654: [4, 7, 5, 2, 6, 3, 1]
Round 1655: [1, 6, 7, 3, 5, 2, 4]
Round 1656: [4, 7, 5, 1, 2, 6, 3]
Round 1657: [6, 5, 3, 1, 7, 4, 2]
Round 1658: [3, 4, 1, 6, 7, 5, 2]
Round 1659: [2, 4, 7, 5, 3, 6, 1]
Round 1660: [5, 2, 6, 7, 4, 3, 1]
Round 1661: [6, 5, 3, 2, 1, 7, 4]
Round 1662: [4, 1, 3, 7, 2, 5, 6]
Round 1663: [1, 4, 5, 3, 6, 2, 7]
Round 1664: [3, 2, 7, 5, 4, 1, 6]
Round 1665: [7, 2, 4, 3, 5, 6, 1]
Round 1666: [3, 7, 2, 1, 6, 4, 5]
Round 1667: [2, 6, 1, 7, 3, 4, 5]
Round 1668: [2, 5, 7, 6, 4, 1, 3]
Round 1669: [3, 2, 6, 4, 1, 7, 5]
Round 1670: [1, 6, 2, 4, 3, 7, 5]
Round 1671: [2, 4, 3, 6, 7, 1, 5]
Round 1672: [6, 5, 2, 4, 1, 7, 3]
Round 1673: [3, 7, 1, 5, 4, 2, 6]
Round 1674: [1, 6, 3, 7, 4, 5, 2]
Round 1675: [7, 4, 3, 5, 2, 6, 1]
Round 1676: [6, 3, 2, 7, 4, 5, 1]
Round 1677: [4, 1, 5, 7, 2, 6, 3]
Round 1678: [3, 5, 7, 4, 2, 6, 1]
Round 1679: [6, 2, 7, 4, 3, 5, 1]
Round 1680: [3, 6, 7, 5, 1, 4, 2]
Round 1681: [5, 2, 4, 7, 1, 6, 3]
Round 1682: [5, 1, 6, 2, 4, 3, 7]
Round 1683: [7, 3, 2, 4, 1, 5, 6]
Round 1684: [5, 2, 6, 3, 1, 4, 7]
Round 1685: [4, 7, 6, 5, 2, 3, 1]
Round 1686: [2, 3, 4, 5, 6, 7, 1]
Round 1687: [3, 5, 7, 6, 2, 1, 4]
Round 1688: [1, 6, 4, 2, 5, 3, 7]
Round 1689: [4, 3, 5, 7, 6, 1, 2]
Round 1690: [5, 3, 7, 1, 2, 6, 4]
Round 1691: [3, 4, 5, 2, 6, 7, 1]
Round 1692: [2, 7, 6, 3, 1, 4, 5]
Round 1693: [1, 5, 2, 6, 7, 4, 3]
Round 1694: [3, 4, 6, 1, 2, 7, 5]
Round 1695: [7, 2, 3, 1, 6, 4, 5]
Round 1696: [6, 2, 3, 5, 4, 1, 7]
Round 1697: [6, 3, 2, 4, 5, 1, 7]
Round 1698: [5, 6, 4, 3, 1, 2, 7]
Round 1699: [7, 5, 3, 2, 6, 1, 4]
Round 1700: [5, 2, 1, 3, 6, 4, 7]
Round 1701: [2, 3, 1, 4, 6, 7, 5]
Round 1702: [2, 6, 3, 4, 7, 1, 5]
Round 1703: [7, 5, 4, 2, 3, 1, 6]
Round 1704: [6, 4, 3, 7, 1, 2, 5]
Round 1705: [1, 2, 3, 5, 4, 7, 6]
Round 1706: [3, 7, 1, 6, 5, 2, 4]
Round 1707: [1, 3, 7, 2, 4, 5, 6]
Round 1708: [5, 1, 6, 7, 2, 4, 3]
Round 1709: [6, 3, 1, 4, 5, 2, 7]
Round 1710: [6, 3, 4, 1, 7, 2, 5]
Round 1711: [3, 5, 2, 1, 7, 6, 4]
Round 1712: [6, 4, 3, 1, 2, 7, 5]
Round 1713: [6, 2, 1, 3, 7, 5, 4]
Round 1714: [1, 3, 7, 4, 5, 2, 6]
Round 1715: [1, 5, 4, 7, 6, 3, 2]
Round 1716: [1, 7, 4, 2, 5, 6, 3]
Round 1717: [3, 4, 1, 5, 7, 2, 6]
Round 1718: [5, 2, 4, 3, 7, 6, 1]
Round 1719: [6, 5, 7, 3, 4, 1, 2]
Round 1720: [5, 3, 1, 2, 6, 4, 7]
Round 1721: [4, 6, 7, 2, 1, 5, 3]
Round 1722: [4, 6, 1, 2, 3, 5, 7]
Round 1723: [6, 7, 1, 5, 2, 4, 3]
Round 1724: [5, 7, 6, 2, 3, 1, 4]
Round 1725: [2, 5, 4, 6, 3, 1, 7]
Round 1726: [5, 4, 3, 7, 6, 2, 1]
Round 1727: [2, 7, 3, 1, 5, 6, 4]
Round 1728: [2, 3, 7, 1, 6, 5, 4]
Round 1729: [3, 6, 5, 4, 1, 7, 2]
Round 1730: [5, 7, 3, 4, 2, 1, 6]
Round 1731: [4, 5, 1, 7, 2, 6, 3]
Round 1732: [1, 7, 5, 6, 3, 2, 4]
Round 1733: [3, 2, 1, 7, 5, 6, 4]
Round 1734: [1, 5, 4, 2, 3, 6, 7]
Round 1735: [4, 2, 3, 5, 6, 7, 1]
Round 1736: [4, 5, 3, 2, 7, 1, 6]
Round 1737: [1, 5, 7, 6, 2, 3, 4]
Round 1738: [3, 2, 7, 4, 6, 1, 5]
Round 1739: [7, 6, 1, 5, 4, 2, 3]
Round 1740: [3, 1, 2, 7, 5, 6, 4]
Round 1741: [1, 5, 4, 6, 2, 3, 7]
Round 1742: [5, 2, 1, 7, 6, 3, 4]
Round 1743: [3, 1, 4, 5, 2, 6, 7]
Round 1744: [2, 7, 5, 3, 1, 6, 4]
Round 1745: [1, 5, 7, 3, 2, 4, 6]
Round 1746: [3, 5, 1, 7, 6, 4, 2]
Round 1747: [4, 2, 1, 5, 6, 7, 3]
Round 1748: [6, 7, 1, 5, 4, 2, 3]
Round 1749: [7, 4, 6, 3, 1, 5, 2]
Round 1750: [7, 2, 3, 6, 1, 4, 5]
Round 1751: [3, 5, 1, 6, 2, 7, 4]
Round 1752: [4, 7, 3, 1, 5, 6, 2]
Round 1753: [7, 6, 3, 4, 1, 5, 2]
Round 1754: [3, 4, 1, 2, 5, 7, 6]
Round 1755: [3, 1, 6, 7, 2, 5, 4]
Round 1756: [4, 2, 7, 1, 6, 5, 3]
Round 1757: [1, 4, 2, 7, 3, 6, 5]
Round 1758: [6, 3, 5, 4, 7, 1, 2]
Round 1759: [5, 4, 6, 7, 2, 3, 1]
Round 1760: [4, 7, 5, 2, 3, 6, 1]
Round 1761: [5, 2, 4, 1, 6, 7, 3]
Round 1762: [2, 6, 3, 7, 1, 5, 4]
Round 1763: [5, 1, 4, 6, 3, 7, 2]
Round 1764: [4, 6, 3, 5, 2, 7, 1]
Round 1765: [6, 3, 4, 2, 7, 1, 5]
Round 1766: [7, 2, 5, 1, 4, 3, 6]
Round 1767: [4, 1, 7, 2, 6, 5, 3]
Round 1768: [6, 5, 2, 4, 1, 7, 3]
Round 1769: [7, 4, 6, 5, 1, 3, 2]
Round 1770: [3, 5, 4, 1, 6, 7, 2]
Round 1771: [1, 7, 6, 5, 4, 2, 3]
Round 1772: [7, 5, 1, 3, 4, 2, 6]
Round 1773: [4, 3, 1, 6, 2, 5, 7]
Round 1774: [3, 2, 5, 6, 7, 4, 1]
Round 1775: [4, 6, 5, 7, 1, 2, 3]
Round 1776: [7, 3, 2, 1, 4, 5, 6]
Round 1777: [6, 5, 2, 3, 7, 1, 4]
Round 1778: [5, 7, 1, 2, 4, 6, 3]
Round 1779: [6, 5, 2, 4, 1, 3, 7]
Round 1780: [3, 7, 2, 5, 4, 1, 6]
Round 1781: [1, 3, 6, 4, 5, 2, 7]
Round 1782: [1, 5, 4, 7, 2, 6, 3]
Round 1783: [4, 5, 6, 1, 3, 2, 7]
Round 1784: [4, 6, 7, 5, 2, 3, 1]
Round 1785: [2, 4, 6, 5, 1, 3, 7]
Round 1786: [3, 2, 6, 1, 4, 5, 7]
Round 1787: [7, 4, 1, 2, 3, 6, 5]
Round 1788: [6, 3, 4, 7, 2, 1, 5]
Round 1789: [2, 3, 4, 5, 7, 6, 1]
Round 1790: [6, 3, 1, 7, 5, 2, 4]
Round 1791: [6, 4, 1, 7, 5, 3, 2]
Round 1792: [3, 6, 2, 4, 7, 5, 1]
Round 1793: [5, 2, 7, 6, 4, 3, 1]
Round 1794: [7, 1, 3, 5, 2, 6, 4]
Round 1795: [7, 6, 2, 3, 1, 5, 4]
Round 1796: [4, 1, 3, 2, 7, 6, 5]
Round 1797: [6, 3, 1, 7, 5, 4, 2]
Round 1798: [6, 5, 1, 4, 3, 7, 2]
Round 1799: [1, 6, 4, 7, 2, 3, 5]
Round 1800: [1, 3, 2, 4, 7, 6, 5]
Round 1801: [4, 1, 7, 5, 6, 2, 3]
Round 1802: [1, 3, 7, 2, 4, 6, 5]
Round 1803: [1, 7, 6, 2, 5, 4, 3]
Round 1804: [5, 7, 6, 2, 3, 1, 4]
Round 1805: [7, 2, 6, 4, 3, 5, 1]
Round 1806: [7, 1, 2, 6, 4, 3, 5]
Round 1807: [5, 3, 2, 1, 4, 7, 6]
Round 1808: [1, 2, 4, 5, 3, 6, 7]
Round 1809: [6, 4, 5, 2, 3, 7, 1]
Round 1810: [3, 2, 7, 4, 6, 5, 1]
Round 1811: [4, 7, 2, 6, 3, 5, 1]
Round 1812: [3, 5, 1, 7, 2, 6, 4]
Round 1813: [7, 4, 2, 1, 5, 3, 6]
Round 1814: [1, 5, 6, 4, 3, 2, 7]
Round 1815: [7, 6, 4, 3, 5, 1, 2]
Round 1816: [5, 1, 6, 4, 3, 2, 7]
Round 1817: [7, 6, 5, 4, 1, 2, 3]
Round 1818: [7, 6, 2, 4, 3, 5, 1]
Round 1819: [4, 2, 1, 6, 7, 5, 3]
Round 1820: [6, 5, 4, 2, 7, 1, 3]
Round 1821: [3, 4, 2, 5, 1, 7, 6]
Round 1822: [6, 2, 4, 1, 5, 7, 3]
Round 1823: [6, 3, 5, 1, 4, 2, 7]
Round 1824: [2, 5, 3, 6, 1, 7, 4]
Round 1825: [3, 4, 2, 5, 6, 7, 1]
Round 1826: [4, 1, 2, 3, 6, 5, 7]
Round 1827: [1, 2, 6, 3, 5, 7, 4]
Round 1828: [3, 7, 4, 5, 6, 2, 1]
Round 1829: [3, 2, 6, 4, 1, 5, 7]
Round 1830: [1, 6, 5, 4, 3, 7, 2]
Round 1831: [7, 2, 5, 4, 3, 6, 1]
Round 1832: [2, 7, 1, 4, 6, 5, 3]
Round 1833: [7, 5, 1, 6, 2, 3, 4]
Round 1834: [5, 7, 2, 3, 4, 6, 1]
Round 1835: [4, 7, 5, 3, 1, 2, 6]
Round 1836: [4, 6, 1, 7, 2, 3, 5]
Round 1837: [3, 6, 4, 5, 1, 2, 7]
Round 1838: [1, 2, 6, 3, 4, 7, 5]
Round 1839: [3, 7, 4, 6, 1, 5, 2]
Round 1840: [4, 5, 6, 2, 7, 1, 3]
Round 1841: [4, 3, 5, 6, 1, 7, 2]
Round 1842: [3, 4, 6, 5, 7, 2, 1]
Round 1843: [3, 4, 2, 1, 5, 7, 6]
Round 1844: [1, 2, 7, 3, 6, 4, 5]
Round 1845: [6, 2, 5, 4, 7, 1, 3]
Round 1846: [3, 2, 5, 7, 4, 6, 1]
Round 1847: [6, 1, 4, 2, 3, 7, 5]
Round 1848: [7, 5, 6, 2, 4, 1, 3]
Round 1849: [6, 5, 4, 3, 1, 2, 7]
Round 1850: [5, 3, 2, 6, 1, 7, 4]
Round 1851: [6, 2, 4, 5, 3, 1, 7]
Round 1852: [1, 6, 4, 3, 7, 2, 5]
Round 1853: [3, 4, 5, 7, 6, 1, 2]
Round 1854: [3, 6, 1, 4, 2, 5, 7]
Round 1855: [1, 3, 2, 4, 6, 7, 5]
Round 1856: [2, 4, 3, 1, 6, 7, 5]
Round 1857: [7, 5, 6, 1, 4, 3, 2]
Round 1858: [2, 1, 5, 7, 6, 4, 3]
Round 1859: [1, 4, 3, 5, 7, 2, 6]
Round 1860: [7, 5, 4, 3, 2, 1, 6]
Round 1861: [6, 2, 3, 1, 5, 4, 7]
Round 1862: [2, 1, 3, 5, 4, 6, 7]
Round 1863: [1, 5, 7, 6, 4, 2, 3]
Round 1864: [3, 5, 6, 7, 4, 2, 1]
Round 1865: [2, 4, 7, 1, 3, 6, 5]
Round 1866: [4, 7, 5, 1, 3, 6, 2]
Round 1867: [2, 4, 6, 3, 1, 7, 5]
Round 1868: [2, 3, 4, 7, 5, 1, 6]
Round 1869: [4, 3, 2, 6, 5, 7, 1]
Round 1870: [7, 1, 2, 4, 6, 3, 5]
Round 1871: [4, 6, 1, 5, 7, 2, 3]
Round 1872: [2, 4, 3, 5, 7, 6, 1]
Round 1873: [7, 4, 5, 6, 2, 1, 3]
Round 1874: [6, 5, 3, 4, 2, 1, 7]
Round 1875: [4, 1, 6, 5, 2, 7, 3]
Round 1876: [5, 7, 3, 4, 2, 1, 6]
Round 1877: [2, 4, 5, 1, 6, 7, 3]
Round 1878: [1, 2, 4, 5, 3, 6, 7]
Round 1879: [1, 4, 6, 7, 5, 2, 3]
Round 1880: [2, 5, 1, 4, 7, 3, 6]
Round 1881: [4, 5, 1, 3, 2, 7, 6]
Round 1882: [6, 4, 2, 5, 1, 7, 3]
Round 1883: [1, 7, 3, 4, 6, 2, 5]
Round 1884: [7, 6, 1, 3, 5, 4, 2]
Round 1885: [2, 3, 5, 4, 6, 1, 7]
Round 1886: [7, 2, 1, 4, 3, 5, 6]
Round 1887: [3, 1, 4, 7, 6, 5, 2]
Round 1888: [6, 5, 2, 1, 3, 7, 4]
Round 1889: [6, 4, 1, 7, 5, 2, 3]
Round 1890: [5, 4, 3, 2, 6, 7, 1]
Round 1891: [4, 1, 5, 3, 6, 7, 2]
Round 1892: [4, 3, 7, 6, 1, 5, 2]
Round 1893: [7, 3, 4, 2, 1, 6, 5]
Round 1894: [6, 4, 5, 3, 1, 7, 2]
Round 1895: [3, 2, 6, 7, 5, 1, 4]
Round 1896: [3, 1, 6, 7, 5, 2, 4]
Round 1897: [2, 6, 5, 7, 3, 4, 1]
Round 1898: [1, 3, 2, 6, 5, 7, 4]
Round 1899: [3, 5, 7, 2, 1, 4, 6]
Round 1900: [6, 1, 7, 2, 4, 3, 5]
Round 1901: [4, 3, 7, 1, 2, 6, 5]
Round 1902: [2, 1, 3, 7, 6, 4, 5]
Round 1903: [5, 2, 4, 1, 6, 7, 3]
Round 1904: [4, 1, 2, 3, 7, 6, 5]
Round 1905: [2, 1, 6, 7, 3, 4, 5]
Round 1906: [2, 3, 1, 5, 7, 6, 4]
Round 1907: [1, 2, 3, 5, 4, 7, 6]
Round 1908: [1, 7, 6, 5, 4, 3, 2]
Round 1909: [7, 1, 2, 4, 3, 6, 5]
Round 1910: [2, 3, 4, 7, 6, 1, 5]
Round 1911: [7, 5, 3, 4, 1, 6, 2]
Round 1912: [2, 6, 1, 5, 3, 7, 4]
Round 1913: [5, 1, 4, 2, 3, 7, 6]
Round 1914: [3, 2, 4, 7, 1, 6, 5]
Round 1915: [4, 6, 1, 2, 3, 7, 5]
Round 1916: [2, 3, 6, 1, 5, 7, 4]
Round 1917: [4, 6, 2, 5, 7, 1, 3]
Round 1918: [2, 5, 4, 3, 7, 1, 6]
Round 1919: [6, 5, 2, 4, 1, 7, 3]
Round 1920: [4, 1, 2, 3, 7, 5, 6]
Round 1921: [4, 1, 3, 6, 2, 7, 5]
Round 1922: [7, 5, 3, 4, 6, 2, 1]
Round 1923: [3, 5, 7, 4, 2, 6, 1]
Round 1924: [7, 3, 2, 5, 4, 6, 1]
Round 1925: [2, 1, 5, 6, 3, 7, 4]
Round 1926: [1, 3, 4, 7, 5, 6, 2]
Round 1927: [1, 5, 4, 6, 7, 2, 3]
Round 1928: [1, 3, 7, 2, 4, 6, 5]
Round 1929: [6, 4, 3, 2, 7, 5, 1]
Round 1930: [5, 6, 3, 1, 2, 7, 4]
Round 1931: [7, 3, 5, 4, 1, 6, 2]
Round 1932: [5, 6, 7, 3, 1, 2, 4]
Round 1933: [1, 4, 2, 5, 6, 3, 7]
Round 1934: [4, 7, 6, 3, 5, 2, 1]
Round 1935: [1, 6, 4, 2, 5, 7, 3]
Round 1936: [3, 2, 4, 5, 7, 6, 1]
Round 1937: [3, 4, 6, 2, 5, 1, 7]
Round 1938: [1, 7, 4, 5, 6, 2, 3]
Round 1939: [5, 6, 4, 7, 1, 2, 3]
Round 1940: [4, 5, 2, 6, 7, 3, 1]
Round 1941: [6, 5, 4, 1, 2, 3, 7]
Round 1942: [3, 2, 5, 7, 6, 4, 1]
Round 1943: [4, 6, 2, 1, 3, 5, 7]
Round 1944: [5, 2, 4, 1, 3, 6, 7]
Round 1945: [4, 2, 6, 7, 3, 5, 1]
Round 1946: [6, 7, 2, 5, 4, 3, 1]
Round 1947: [6, 1, 7, 5, 3, 2, 4]
Round 1948: [1, 7, 2, 6, 5, 3, 4]
Round 1949: [1, 4, 7, 6, 3, 2, 5]
Round 1950: [2, 6, 7, 5, 3, 4, 1]
Round 1951: [5, 2, 7, 3, 4, 6, 1]
Round 1952: [1, 7, 6, 4, 3, 5, 2]
Round 1953: [3, 5, 1, 7, 2, 4, 6]
Round 1954: [5, 4, 2, 7, 6, 3, 1]
Round 1955: [1, 2, 5, 6, 4, 7, 3]
Round 1956: [1, 4, 6, 5, 3, 2, 7]
Round 1957: [3, 7, 4, 1, 2, 6, 5]
Round 1958: [6, 7, 1, 3, 2, 5, 4]
Round 1959: [4, 6, 1, 7, 3, 5, 2]
Round 1960: [6, 7, 4, 1, 3, 2, 5]
Round 1961: [1, 2, 5, 3, 6, 7, 4]
Round 1962: [6, 5, 1, 4, 3, 2, 7]
Round 1963: [1, 2, 3, 7, 4, 5, 6]
Round 1964: [7, 2, 1, 6, 5, 4, 3]
Round 1965: [6, 4, 1, 2, 5, 3, 7]
Round 1966: [2, 7, 6, 1, 3, 4, 5]
Round 1967: [5, 2, 1, 3, 7, 4, 6]
Round 1968: [1, 7, 2, 4, 5, 3, 6]
Round 1969: [6, 2, 4, 5, 7, 1, 3]
Round 1970: [3, 5, 6, 4, 2, 7, 1]
Round 1971: [2, 4, 7, 3, 5, 6, 1]
Round 1972: [2, 7, 5, 4, 3, 6, 1]
Round 1973: [1, 7, 2, 6, 5, 3, 4]
Round 1974: [4, 1, 6, 2, 3, 7, 5]
Round 1975: [3, 2, 1, 5, 4, 6, 7]
Round 1976: [2, 7, 3, 4, 6, 1, 5]
Round 1977: [7, 2, 4, 3, 6, 1, 5]
Round 1978: [2, 6, 3, 7, 4, 1, 5]
Round 1979: [7, 5, 6, 1, 2, 3, 4]
Round 1980: [6, 7, 2, 3, 5, 4, 1]
Round 1981: [1, 2, 7, 3, 5, 6, 4]
Round 1982: [6, 1, 2, 5, 4, 7, 3]
Round 1983: [2, 3, 7, 4, 6, 1, 5]
Round 1984: [5, 7, 2, 4, 3, 6, 1]
Round 1985: [3, 4, 6, 7, 1, 5, 2]
Round 1986: [5, 3, 2, 6, 7, 1, 4]
Round 1987: [6, 3, 7, 4, 2, 5, 1]
Round 1988: [4, 3, 1, 5, 2, 6, 7]
Round 1989: [1, 2, 5, 3, 4, 7, 6]
Round 1990: [6, 5, 7, 2, 3, 4, 1]
Round 1991: [2, 7, 5, 1, 4, 3, 6]
Round 1992: [1, 4, 3, 7, 6, 2, 5]
Round 1993: [2, 7, 6, 4, 3, 1, 5]
Round 1994: [4, 6, 5, 2, 1, 7, 3]
Round 1995: [4, 5, 3, 6, 1, 2, 7]
Round 1996: [2, 1, 3, 4, 7, 5, 6]
Round 1997: [3, 6, 2, 5, 1, 4, 7]
Round 1998: [1, 5, 7, 6, 4, 2, 3]
Round 1999: [7, 6, 4, 1, 3, 5, 2]
Round 2000: [6, 2, 1, 4, 7, 3, 5]
Round 2001: [7, 2, 4, 3, 5, 1, 6]
Round 2002: [1, 3, 7, 6, 2, 5, 4]
Round 2003: [4, 1, 7, 2, 6, 3, 5]
Round 2004: [1, 5, 2, 3, 4, 7, 6]
Round 2005: [3, 5, 1, 4, 7, 6, 2]
Round 2006: [5, 3, 6, 4, 1, 7, 2]
Round 2007: [2, 7, 6, 4, 3, 1, 5]
Round 2008: [3, 7, 2, 5, 1, 6, 4]
Round 2009: [1, 6, 3, 4, 2, 5, 7]
Round 2010: [1, 5, 7, 3, 4, 6, 2]
Round 2011: [6, 5, 4, 2, 7, 3, 1]
Round 2012: [4, 5, 2, 1, 6, 3, 7]
Round 2013: [5, 3, 6, 4, 7, 1, 2]
Round 2014: [3, 4, 6, 2, 5, 7, 1]
Round 2015: [2, 1, 3, 6, 5, 4, 7]
Round 2016: [7, 5, 6, 4, 2, 1, 3]
Round 2017: [4, 3, 6, 2, 5, 1, 7]
Round 2018: [5, 3, 4, 1, 2, 7, 6]
Round 2019: [5, 2, 4, 1, 6, 3, 7]
Round 2020: [6, 7, 1, 5, 4, 2, 3]
Round 2021: [1, 3, 4, 2, 5, 6, 7]
Round 2022: [5, 1, 4, 3, 6, 7, 2]
Round 2023: [2, 5, 4, 6, 7, 1, 3]
Round 2024: [2, 3, 6, 5, 4, 1, 7]
Round 2025: [5, 7, 4, 1, 3, 2, 6]
Round 2026: [3, 5, 4, 2, 6, 1, 7]
Round 2027: [3, 5, 4, 2, 1, 7, 6]
Round 2028: [4, 5, 6, 7, 3, 2, 1]
Round 2029: [1, 5, 2, 6, 4, 3, 7]
Round 2030: [7, 3, 2, 1, 4, 6, 5]
Round 2031: [3, 5, 4, 7, 6, 2, 1]
Round 2032: [3, 7, 4, 1, 5, 2, 6]
Round 2033: [7, 2, 3, 5, 1, 6, 4]
Round 2034: [3, 7, 2, 6, 5, 4, 1]
Round 2035: [3, 6, 4, 5, 7, 2, 1]
Round 2036: [4, 5, 2, 3, 7, 6, 1]
Round 2037: [3, 4, 6, 7, 1, 5, 2]
Round 2038: [7, 3, 6, 1, 2, 4, 5]
Round 2039: [6, 1, 7, 4, 2, 5, 3]
Round 2040: [6, 1, 2, 7, 3, 5, 4]
Round 2041: [4, 3, 1, 7, 5, 6, 2]
Round 2042: [1, 5, 6, 3, 4, 7, 2]
Round 2043: [5, 4, 3, 6, 1, 7, 2]
Round 2044: [4, 5, 2, 7, 6, 1, 3]
Round 2045: [1, 5, 3, 7, 2, 6, 4]
Round 2046: [3, 6, 5, 1, 2, 4, 7]
Round 2047: [6, 3, 5, 7, 1, 2, 4]
Round 2048: [6, 1, 2, 7, 5, 3, 4]
Round 2049: [2, 3, 7, 4, 6, 5, 1]
Round 2050: [3, 4, 1, 7, 6, 2, 5]
Round 2051: [1, 4, 6, 2, 7, 3, 5]
Round 2052: [2, 7, 1, 3, 5, 4, 6]
Round 2053: [5, 3, 6, 1, 4, 7, 2]
Round 2054: [5, 4, 7, 6, 2, 1, 3]
Round 2055: [2, 3, 6, 5, 7, 1, 4]
Round 2056: [3, 5, 7, 4, 6, 1, 2]
Round 2057: [6, 1, 7, 2, 4, 3, 5]
Round 2058: [7, 1, 6, 5, 3, 4, 2]
Round 2059: [3, 1, 4, 5, 6, 2, 7]
Round 2060: [2, 7, 5, 4, 6, 3, 1]
Round 2061: [1, 2, 6, 5, 7, 3, 4]
Round 2062: [4, 6, 2, 7, 5, 3, 1]
Round 2063: [2, 4, 1, 6, 7, 3, 5]
Round 2064: [5, 4, 1, 6, 7, 2, 3]
Round 2065: [1, 5, 7, 6, 3, 2, 4]
Round 2066: [2, 6, 4, 5, 1, 7, 3]
Round 2067: [2, 6, 5, 4, 3, 1, 7]
Round 2068: [3, 4, 7, 2, 5, 6, 1]
Round 2069: [3, 7, 1, 5, 2, 4, 6]
Round 2070: [2, 3, 5, 1, 6, 7, 4]
Round 2071: [3, 1, 5, 4, 2, 6, 7]
Round 2072: [3, 4, 5, 7, 1, 6, 2]
Round 2073: [4, 5, 2, 7, 6, 1, 3]
Round 2074: [6, 7, 3, 4, 2, 1, 5]
Round 2075: [1, 7, 5, 2, 6, 4, 3]
Round 2076: [7, 2, 6, 3, 5, 1, 4]
Round 2077: [6, 2, 4, 3, 5, 1, 7]
Round 2078: [6, 5, 2, 3, 7, 4, 1]
Round 2079: [5, 2, 6, 3, 1, 7, 4]
Round 2080: [2, 5, 7, 1, 4, 6, 3]
Round 2081: [1, 6, 7, 2, 4, 5, 3]
Round 2082: [2, 3, 1, 7, 5, 4, 6]
Round 2083: [3, 5, 4, 6, 2, 7, 1]
Round 2084: [5, 1, 4, 3, 6, 7, 2]
Round 2085: [4, 6, 3, 7, 5, 1, 2]
Round 2086: [1, 4, 6, 2, 7, 5, 3]
Round 2087: [2, 7, 1, 4, 5, 3, 6]
Round 2088: [5, 2, 3, 1, 6, 4, 7]
Round 2089: [4, 6, 3, 2, 1, 5, 7]
Round 2090: [3, 5, 1, 7, 6, 2, 4]
Round 2091: [4, 7, 3, 1, 5, 6, 2]
Round 2092: [3, 5, 7, 1, 4, 6, 2]
Round 2093: [2, 5, 4, 6, 1, 3, 7]
Round 2094: [7, 5, 6, 4, 2, 1, 3]
Round 2095: [2, 4, 6, 5, 3, 1, 7]
Round 2096: [5, 7, 2, 4, 3, 6, 1]
Round 2097: [6, 3, 7, 5, 4, 2, 1]
Round 2098: [7, 3, 5, 4, 6, 2, 1]
Round 2099: [5, 7, 3, 1, 2, 6, 4]
Round 2100: [3, 7, 4, 5, 6, 2, 1]
Round 2101: [1, 5, 7, 6, 2, 3, 4]
Round 2102: [4, 5, 7, 1, 6, 2, 3]
Round 2103: [4, 3, 6, 5, 1, 7, 2]
Round 2104: [5, 2, 6, 4, 7, 3, 1]
Round 2105: [5, 7, 1, 2, 4, 3, 6]
Round 2106: [1, 7, 3, 5, 2, 4, 6]
Round 2107: [6, 3, 4, 5, 1, 7, 2]
Round 2108: [7, 3, 5, 1, 2, 6, 4]
Round 2109: [4, 1, 6, 7, 5, 3, 2]
Round 2110: [6, 3, 5, 2, 4, 7, 1]
Round 2111: [2, 3, 7, 1, 4, 6, 5]
Round 2112: [7, 4, 3, 5, 6, 2, 1]
Round 2113: [6, 2, 5, 3, 7, 4, 1]
Round 2114: [1, 3, 4, 5, 6, 2, 7]
Round 2115: [6, 1, 4, 7, 5, 2, 3]
Round 2116: [2, 3, 1, 5, 7, 4, 6]
Round 2117: [7, 2, 4, 3, 1, 6, 5]
Round 2118: [1, 5, 6, 7, 2, 3, 4]
Round 2119: [1, 7, 5, 3, 6, 2, 4]
Round 2120: [4, 1, 2, 6, 7, 5, 3]
Round 2121: [5, 4, 1, 2, 6, 3, 7]
Round 2122: [1, 3, 7, 4, 2, 5, 6]
Round 2123: [4, 2, 3, 1, 6, 7, 5]
Round 2124: [7, 5, 1, 3, 4, 6, 2]
Round 2125: [3, 7, 6, 2, 5, 4, 1]
Round 2126: [1, 2, 7, 6, 5, 4, 3]
Round 2127: [1, 2, 3, 6, 7, 5, 4]
Round 2128: [7, 3, 2, 5, 4, 6, 1]
Round 2129: [6, 3, 5, 7, 1, 4, 2]
Round 2130: [4, 1, 2, 7, 6, 5, 3]
Round 2131: [4, 2, 5, 7, 6, 1, 3]
Round 2132: [7, 1, 6, 5, 2, 3, 4]
Round 2133: [4, 5, 6, 1, 3, 2, 7]
Round 2134: [3, 4, 5, 1, 6, 7, 2]
Round 2135: [6, 1, 7, 4, 2, 5, 3]
Round 2136: [7, 2, 3, 6, 5, 4, 1]
Round 2137: [4, 5, 1, 6, 7, 2, 3]
Round 2138: [4, 3, 2, 6, 7, 1, 5]
Round 2139: [6, 3, 2, 7, 5, 1, 4]
Round 2140: [7, 6, 5, 3, 1, 4, 2]
Round 2141: [3, 7, 6, 4, 5, 1, 2]
Round 2142: [3, 4, 5, 1, 2, 7, 6]
Round 2143: [7, 5, 4, 1, 3, 2, 6]
Round 2144: [6, 7, 5, 1, 3, 2, 4]
Round 2145: [1, 6, 3, 7, 4, 5, 2]
Round 2146: [5, 1, 2, 7, 4, 6, 3]
Round 2147: [4, 1, 2, 6, 5, 3, 7]
Round 2148: [4, 3, 2, 5, 6, 7, 1]
Round 2149: [1, 3, 5, 6, 2, 4, 7]
Round 2150: [7, 3, 2, 5, 1, 6, 4]
Round 2151: [3, 7, 4, 2, 5, 1, 6]
Round 2152: [2, 6, 5, 1, 4, 3, 7]
Round 2153: [3, 7, 1, 4, 6, 2, 5]
Round 2154: [7, 1, 6, 3, 4, 5, 2]
Round 2155: [7, 1, 6, 4, 2, 3, 5]
Round 2156: [4, 5, 1, 6, 3, 2, 7]
Round 2157: [7, 6, 1, 3, 4, 2, 5]
Round 2158: [2, 1, 7, 4, 6, 3, 5]
Round 2159: [4, 3, 5, 1, 6, 2, 7]
Round 2160: [5, 4, 7, 3, 6, 2, 1]
Round 2161: [6, 2, 1, 4, 7, 3, 5]
Round 2162: [1, 7, 2, 6, 3, 5, 4]
Round 2163: [3, 7, 1, 5, 4, 6, 2]
Round 2164: [1, 2, 3, 6, 4, 7, 5]
Round 2165: [2, 7, 1, 3, 5, 4, 6]
Round 2166: [7, 3, 2, 5, 6, 1, 4]
Round 2167: [1, 3, 6, 4, 7, 5, 2]
Round 2168: [6, 4, 3, 7, 5, 1, 2]
Round 2169: [5, 1, 3, 4, 7, 2, 6]
Round 2170: [5, 4, 3, 1, 7, 2, 6]
Round 2171: [1, 5, 3, 4, 6, 7, 2]
Round 2172: [3, 7, 1, 4, 6, 5, 2]
Round 2173: [5, 7, 6, 1, 4, 2, 3]
Round 2174: [5, 3, 6, 7, 1, 2, 4]
Round 2175: [7, 6, 4, 2, 3, 5, 1]
Round 2176: [7, 6, 2, 3, 1, 4, 5]
Round 2177: [7, 4, 5, 2, 1, 6, 3]
Round 2178: [4, 6, 7, 1, 5, 3, 2]
Round 2179: [2, 7, 6, 3, 1, 5, 4]
Round 2180: [6, 2, 7, 3, 4, 1, 5]
Round 2181: [6, 2, 1, 4, 3, 5, 7]
Round 2182: [3, 7, 5, 2, 6, 4, 1]
Round 2183: [4, 7, 5, 2, 3, 6, 1]
Round 2184: [7, 6, 3, 4, 5, 2, 1]
Round 2185: [5, 2, 4, 7, 6, 3, 1]
Round 2186: [3, 5, 2, 1, 6, 7, 4]
Round 2187: [2, 5, 1, 4, 6, 7, 3]
Round 2188: [1, 6, 2, 3, 5, 4, 7]
Round 2189: [1, 3, 2, 6, 5, 4, 7]
Round 2190: [1, 6, 2, 7, 5, 4, 3]
Round 2191: [5, 7, 1, 2, 6, 3, 4]
Round 2192: [3, 1, 5, 4, 7, 2, 6]
Round 2193: [4, 6, 7, 3, 5, 2, 1]
Round 2194: [6, 3, 2, 5, 7, 4, 1]
Round 2195: [7, 1, 2, 5, 4, 3, 6]
Round 2196: [7, 5, 6, 1, 3, 4, 2]
Round 2197: [2, 6, 7, 3, 4, 1, 5]
Round 2198: [3, 4, 2, 6, 5, 1, 7]
Round 2199: [1, 6, 2, 7, 5, 3, 4]
Round 2200: [5, 3, 2, 6, 1, 7, 4]
Round 2201: [5, 1, 2, 3, 7, 4, 6]
Round 2202: [1, 6, 4, 2, 5, 3, 7]
Round 2203: [6, 4, 5, 3, 2, 1, 7]
Round 2204: [6, 7, 4, 5, 1, 3, 2]
Round 2205: [4, 7, 2, 3, 6, 1, 5]
Round 2206: [3, 7, 1, 5, 6, 4, 2]
Round 2207: [1, 6, 3, 7, 4, 2, 5]
Round 2208: [3, 4, 6, 1, 5, 7, 2]
Round 2209: [7, 5, 2, 6, 1, 3, 4]
Round 2210: [4, 3, 2, 1, 5, 7, 6]
Round 2211: [7, 6, 4, 3, 2, 5, 1]
Round 2212: [5, 1, 4, 3, 7, 2, 6]
Round 2213: [2, 4, 1, 3, 5, 6, 7]
Round 2214: [5, 2, 7, 6, 4, 1, 3]
Round 2215: [6, 3, 2, 4, 5, 7, 1]
Round 2216: [1, 2, 7, 3, 4, 5, 6]
Round 2217: [5, 6, 4, 7, 2, 1, 3]
Round 2218: [2, 4, 5, 3, 1, 7, 6]
Round 2219: [1, 5, 6, 3, 2, 7, 4]
Round 2220: [2, 6, 1, 4, 7, 5, 3]
Round 2221: [6, 5, 1, 4, 2, 7, 3]
Round 2222: [3, 6, 4, 5, 1, 2, 7]
Round 2223: [3, 5, 1, 6, 7, 2, 4]
Round 2224: [5, 6, 2, 7, 3, 1, 4]
Round 2225: [6, 5, 7, 3, 1, 2, 4]
Round 2226: [5, 3, 1, 4, 7, 6, 2]
Round 2227: [3, 6, 7, 2, 1, 5, 4]
Round 2228: [4, 6, 1, 2, 3, 5, 7]
Round 2229: [4, 5, 7, 1, 2, 6, 3]
Round 2230: [4, 2, 7, 6, 3, 1, 5]
Round 2231: [3, 7, 4, 2, 6, 1, 5]
Round 2232: [2, 7, 3, 6, 5, 4, 1]
Round 2233: [4, 5, 2, 7, 3, 1, 6]
Round 2234: [3, 6, 2, 5, 7, 4, 1]
Round 2235: [3, 2, 6, 4, 5, 7, 1]
Round 2236: [4, 3, 5, 7, 2, 1, 6]
Round 2237: [1, 7, 6, 3, 4, 2, 5]
Round 2238: [7, 2, 4, 6, 1, 5, 3]
Round 2239: [5, 1, 6, 2, 7, 4, 3]
Round 2240: [6, 7, 1, 5, 2, 3, 4]
Round 2241: [1, 5, 6, 7, 4, 3, 2]
Round 2242: [3, 7, 4, 2, 6, 1, 5]
Round 2243: [5, 4, 2, 3, 7, 1, 6]
Round 2244: [4, 5, 3, 6, 7, 2, 1]
Round 2245: [3, 5, 7, 6, 1, 4, 2]
Round 2246: [2, 6, 7, 5, 1, 3, 4]
Round 2247: [3, 2, 6, 5, 7, 1, 4]
Round 2248: [2, 4, 5, 1, 3, 6, 7]
Round 2249: [7, 5, 3, 4, 6, 1, 2]
Round 2250: [1, 6, 2, 4, 3, 7, 5]
Round 2251: [4, 3, 5, 6, 2, 1, 7]
Round 2252: [5, 7, 2, 1, 3, 4, 6]
Round 2253: [1, 2, 3, 6, 4, 5, 7]
Round 2254: [4, 1, 6, 5, 3, 7, 2]
Round 2255: [1, 2, 3, 4, 7, 5, 6]
Round 2256: [6, 2, 1, 7, 5, 3, 4]
Round 2257: [2, 4, 1, 6, 5, 3, 7]
Round 2258: [7, 2, 5, 3, 6, 4, 1]
Round 2259: [4, 3, 7, 6, 2, 5, 1]
Round 2260: [3, 6, 2, 7, 1, 5, 4]
Round 2261: [1, 5, 7, 6, 3, 4, 2]
Round 2262: [7, 1, 2, 5, 4, 3, 6]
Round 2263: [7, 6, 4, 3, 1, 2, 5]
Round 2264: [6, 5, 7, 2, 1, 4, 3]
Round 2265: [5, 3, 2, 4, 7, 1, 6]
Round 2266: [4, 6, 2, 5, 3, 1, 7]
Round 2267: [4, 2, 1, 5, 7, 6, 3]
Round 2268: [4, 5, 2, 7, 1, 3, 6]
Round 2269: [3, 7, 2, 6, 5, 1, 4]
Round 2270: [6, 1, 5, 2, 7, 3, 4]
Round 2271: [6, 7, 4, 1, 5, 2, 3]
Round 2272: [4, 2, 7, 6, 3, 5, 1]
Round 2273: [2, 1, 7, 5, 3, 4, 6]
Round 2274: [5, 6, 2, 1, 7, 4, 3]
Round 2275: [5, 7, 4, 6, 2, 3, 1]
Round 2276: [6, 5, 7, 3, 4, 2, 1]
Round 2277: [2, 3, 4, 6, 5, 7, 1]
Round 2278: [4, 3, 5, 6, 2, 7, 1]
Round 2279: [7, 3, 5, 4, 1, 6, 2]
Round 2280: [6, 1, 3, 7, 4, 5, 2]
Round 2281: [7, 4, 5, 2, 6, 3, 1]
Round 2282: [3, 1, 7, 5, 2, 6, 4]
Round 2283: [3, 2, 5, 1, 7, 6, 4]
Round 2284: [3, 6, 1, 7, 4, 5, 2]
Round 2285: [1, 6, 4, 3, 5, 2, 7]
Round 2286: [2, 6, 1, 7, 3, 5, 4]
Round 2287: [6, 4, 5, 2, 1, 3, 7]
Round 2288: [3, 1, 4, 2, 6, 7, 5]
Round 2289: [4, 2, 1, 7, 6, 5, 3]
Round 2290: [3, 1, 5, 7, 2, 6, 4]
Round 2291: [7, 6, 4, 3, 1, 5, 2]
Round 2292: [2, 3, 4, 5, 7, 1, 6]
Round 2293: [7, 3, 5, 2, 6, 4, 1]
Round 2294: [7, 6, 1, 3, 5, 4, 2]
Round 2295: [2, 5, 7, 4, 1, 6, 3]
Round 2296: [2, 1, 4, 3, 7, 6, 5]
Round 2297: [6, 3, 2, 4, 5, 1, 7]
Round 2298: [4, 7, 3, 5, 2, 1, 6]
Round 2299: [5, 1, 6, 7, 3, 2, 4]
Round 2300: [4, 2, 3, 7, 5, 1, 6]
Round 2301: [5, 3, 4, 7, 1, 6, 2]
Round 2302: [2, 4, 3, 6, 1, 7, 5]
Round 2303: [1, 7, 3, 4, 5, 2, 6]
Round 2304: [6, 7, 4, 5, 1, 2, 3]
Round 2305: [5, 3, 1, 4, 2, 6, 7]
Round 2306: [7, 4, 1, 5, 3, 2, 6]
Round 2307: [6, 3, 2, 4, 7, 1, 5]
Round 2308: [1, 7, 2, 5, 4, 6, 3]
Round 2309: [5, 4, 1, 3, 2, 7, 6]
Round 2310: [7, 1, 3, 2, 4, 5, 6]
Round 2311: [2, 1, 3, 5, 7, 6, 4]
Round 2312: [7, 6, 3, 2, 4, 1, 5]
Round 2313: [4, 7, 6, 2, 3, 1, 5]
Round 2314: [7, 2, 3, 4, 1, 6, 5]
Round 2315: [3, 5, 2, 1, 6, 4, 7]
Round 2316: [2, 7, 1, 3, 6, 4, 5]
Round 2317: [2, 1, 6, 7, 5, 4, 3]
Round 2318: [2, 4, 3, 7, 1, 5, 6]
Round 2319: [4, 1, 7, 5, 3, 2, 6]
Round 2320: [2, 5, 4, 1, 6, 3, 7]
Round 2321: [7, 1, 2, 3, 4, 5, 6]
Round 2322: [7, 4, 6, 3, 2, 5, 1]
Round 2323: [7, 4, 5, 1, 6, 2, 3]
Round 2324: [3, 7, 6, 1, 4, 2, 5]
Round 2325: [6, 3, 7, 4, 1, 2, 5]
Round 2326: [4, 3, 2, 5, 1, 6, 7]
Round 2327: [1, 3, 5, 4, 2, 6, 7]
Round 2328: [4, 7, 2, 3, 6, 5, 1]
Round 2329: [7, 1, 3, 6, 4, 2, 5]
Round 2330: [6, 3, 1, 4, 2, 5, 7]
Round 2331: [1, 4, 6, 3, 5, 2, 7]
Round 2332: [2, 1, 4, 5, 7, 6, 3]
Round 2333: [2, 5, 3, 6, 1, 7, 4]
Round 2334: [2, 4, 6, 1, 3, 5, 7]
Round 2335: [2, 7, 3, 5, 1, 6, 4]
Round 2336: [7, 1, 6, 5, 3, 2, 4]
Round 2337: [6, 4, 2, 7, 5, 3, 1]
Round 2338: [1, 2, 4, 6, 7, 3, 5]
Round 2339: [4, 5, 6, 3, 7, 2, 1]
Round 2340: [2, 3, 6, 7, 5, 4, 1]
Round 2341: [3, 7, 2, 6, 4, 1, 5]
Round 2342: [4, 1, 2, 5, 6, 3, 7]
Round 2343: [2, 1, 3, 7, 5, 4, 6]
Round 2344: [2, 6, 1, 4, 7, 5, 3]
Round 2345: [2, 7, 1, 3, 4, 5, 6]
Round 2346: [6, 3, 7, 1, 4, 2, 5]
Round 2347: [4, 3, 2, 7, 6, 5, 1]
Round 2348: [2, 3, 1, 7, 6, 5, 4]
Round 2349: [2, 7, 1, 6, 3, 5, 4]
Round 2350: [7, 4, 5, 3, 6, 1, 2]
Round 2351: [3, 4, 7, 6, 2, 5, 1]
Round 2352: [5, 4, 3, 7, 1, 6, 2]
Round 2353: [3, 1, 5, 4, 6, 7, 2]
Round 2354: [7, 1, 2, 6, 3, 5, 4]
Round 2355: [4, 1, 2, 5, 3, 6, 7]
Round 2356: [2, 5, 4, 1, 7, 3, 6]
Round 2357: [7, 2, 4, 3, 6, 5, 1]
Round 2358: [4, 1, 7, 3, 6, 2, 5]
Round 2359: [2, 6, 1, 3, 4, 5, 7]
Round 2360: [1, 7, 2, 4, 3, 6, 5]
Round 2361: [2, 7, 3, 1, 6, 4, 5]
Round 2362: [2, 5, 4, 3, 1, 7, 6]
Round 2363: [6, 1, 7, 3, 2, 4, 5]
Round 2364: [3, 4, 2, 7, 1, 6, 5]
Round 2365: [1, 4, 5, 7, 3, 2, 6]
Round 2366: [5, 4, 3, 6, 7, 2, 1]
Round 2367: [1, 2, 4, 7, 5, 3, 6]
Round 2368: [6, 5, 1, 4, 7, 2, 3]
Round 2369: [1, 7, 4, 3, 6, 2, 5]
Round 2370: [6, 5, 7, 4, 2, 3, 1]
Round 2371: [3, 5, 2, 7, 6, 1, 4]
Round 2372: [4, 1, 2, 3, 5, 6, 7]
Round 2373: [1, 6, 7, 3, 4, 5, 2]
Round 2374: [4, 7, 3, 1, 2, 5, 6]
Round 2375: [5, 1, 4, 2, 3, 6, 7]
Round 2376: [7, 2, 6, 4, 3, 5, 1]
Round 2377: [5, 4, 7, 2, 6, 1, 3]
Round 2378: [3, 7, 1, 4, 6, 5, 2]
Round 2379: [1, 7, 3, 4, 6, 2, 5]
Round 2380: [5, 3, 7, 6, 2, 4, 1]
Round 2381: [5, 4, 6, 1, 2, 7, 3]
Round 2382: [7, 1, 4, 3, 2, 5, 6]
Round 2383: [2, 1, 5, 6, 7, 4, 3]
Round 2384: [3, 1, 6, 4, 2, 7, 5]
Round 2385: [3, 7, 2, 6, 4, 5, 1]
Round 2386: [4, 2, 7, 6, 3, 5, 1]
Round 2387: [7, 5, 6, 2, 4, 1, 3]
Round 2388: [4, 7, 2, 5, 1, 6, 3]
Round 2389: [1, 6, 5, 2, 4, 3, 7]
Round 2390: [2, 3, 5, 6, 4, 1, 7]
Round 2391: [6, 3, 4, 1, 2, 5, 7]
Round 2392: [3, 5, 6, 1, 2, 4, 7]
Round 2393: [5, 3, 1, 7, 4, 2, 6]
Round 2394: [1, 6, 7, 2, 4, 3, 5]
Round 2395: [6, 4, 1, 2, 3, 7, 5]
Round 2396: [1, 2, 5, 4, 6, 3, 7]
Round 2397: [7, 5, 4, 6, 1, 3, 2]
Round 2398: [5, 3, 1, 7, 2, 4, 6]
Round 2399: [7, 5, 6, 2, 3, 4, 1]
Round 2400: [3, 2, 6, 5, 4, 1, 7]
Round 2401: [3, 4, 7, 2, 6, 1, 5]
Round 2402: [4, 7, 6, 2, 3, 1, 5]
Round 2403: [3, 5, 4, 2, 7, 1, 6]
Round 2404: [7, 1, 6, 3, 2, 4, 5]
Round 2405: [5, 1, 2, 7, 6, 4, 3]
Round 2406: [6, 2, 1, 4, 7, 3, 5]
Round 2407: [7, 2, 1, 3, 6, 4, 5]
Round 2408: [3, 1, 7, 6, 5, 4, 2]
Round 2409: [2, 1, 4, 6, 5, 7, 3]
Round 2410: [3, 1, 7, 4, 6, 2, 5]
Round 2411: [3, 2, 4, 7, 5, 6, 1]
Round 2412: [6, 7, 3, 4, 5, 1, 2]
Round 2413: [7, 4, 5, 2, 3, 1, 6]
Round 2414: [6, 4, 3, 1, 7, 2, 5]
Round 2415: [5, 6, 2, 4, 1, 7, 3]
Round 2416: [3, 1, 7, 5, 4, 2, 6]
Round 2417: [4, 5, 6, 1, 7, 2, 3]
Round 2418: [6, 7, 1, 3, 4, 5, 2]
Round 2419: [7, 6, 4, 1, 5, 3, 2]
Round 2420: [1, 2, 6, 5, 7, 3, 4]
Round 2421: [4, 3, 1, 6, 5, 2, 7]
Round 2422: [2, 1, 3, 7, 6, 5, 4]
Round 2423: [5, 6, 7, 3, 2, 1, 4]
Round 2424: [5, 2, 3, 7, 1, 6, 4]
Round 2425: [5, 1, 2, 6, 7, 4, 3]
Round 2426: [4, 5, 2, 7, 6, 3, 1]
Round 2427: [6, 3, 5, 7, 2, 1, 4]
Round 2428: [6, 7, 4, 5, 2, 1, 3]
Round 2429: [1, 2, 7, 4, 5, 6, 3]
Round 2430: [3, 7, 2, 1, 5, 4, 6]
Round 2431: [2, 7, 3, 4, 1, 5, 6]
Round 2432: [2, 6, 7, 3, 4, 5, 1]
Round 2433: [3, 6, 2, 5, 1, 4, 7]
Round 2434: [6, 3, 2, 4, 5, 7, 1]
Round 2435: [1, 2, 5, 7, 4, 3, 6]
Round 2436: [1, 4, 2, 7, 3, 6, 5]
Round 2437: [3, 7, 5, 4, 6, 1, 2]
Round 2438: [4, 1, 2, 7, 3, 6, 5]
Round 2439: [4, 6, 2, 5, 7, 1, 3]
Round 2440: [1, 6, 2, 4, 3, 5, 7]
Round 2441: [1, 3, 2, 6, 5, 7, 4]
Round 2442: [6, 3, 1, 7, 2, 5, 4]
Round 2443: [1, 2, 4, 5, 3, 7, 6]
Round 2444: [2, 4, 7, 1, 6, 5, 3]
Round 2445: [3, 7, 6, 2, 5, 4, 1]
Round 2446: [4, 7, 5, 1, 2, 6, 3]
Round 2447: [7, 6, 4, 1, 5, 2, 3]
Round 2448: [3, 6, 5, 2, 1, 7, 4]
Round 2449: [6, 7, 2, 5, 4, 3, 1]
Round 2450: [1, 2, 4, 3, 7, 5, 6]
Round 2451: [5, 2, 7, 6, 3, 4, 1]
Round 2452: [4, 6, 7, 1, 3, 2, 5]
Round 2453: [3, 4, 5, 7, 2, 1, 6]
Round 2454: [4, 5, 1, 6, 7, 3, 2]
Round 2455: [7, 3, 4, 6, 2, 1, 5]
Round 2456: [6, 2, 5, 7, 4, 1, 3]
Round 2457: [5, 6, 3, 7, 4, 1, 2]
Round 2458: [2, 4, 5, 1, 3, 7, 6]
Round 2459: [1, 6, 4, 2, 5, 7, 3]
Round 2460: [6, 7, 3, 5, 2, 4, 1]
Round 2461: [3, 5, 6, 7, 1, 2, 4]
Round 2462: [2, 3, 6, 7, 4, 5, 1]
Round 2463: [5, 6, 7, 1, 3, 4, 2]
Round 2464: [3, 5, 4, 2, 7, 6, 1]
Round 2465: [4, 2, 6, 1, 7, 5, 3]
Round 2466: [2, 7, 6, 3, 1, 5, 4]
Round 2467: [4, 7, 5, 3, 1, 2, 6]
Round 2468: [4, 2, 3, 7, 6, 1, 5]
Round 2469: [1, 7, 6, 3, 2, 4, 5]
Round 2470: [1, 5, 2, 7, 6, 4, 3]
Round 2471: [3, 6, 4, 2, 7, 5, 1]
Round 2472: [1, 7, 6, 3, 4, 2, 5]
Round 2473: [1, 2, 6, 3, 5, 4, 7]
Round 2474: [7, 1, 3, 6, 5, 2, 4]
Round 2475: [3, 5, 7, 6, 1, 4, 2]
Round 2476: [2, 4, 7, 5, 6, 3, 1]
Round 2477: [5, 1, 2, 3, 7, 6, 4]
Round 2478: [7, 1, 3, 5, 2, 4, 6]
Round 2479: [4, 7, 2, 6, 5, 3, 1]
Round 2480: [5, 2, 1, 7, 3, 6, 4]
Round 2481: [3, 6, 5, 7, 1, 2, 4]
Round 2482: [2, 3, 6, 5, 7, 1, 4]
Round 2483: [4, 6, 1, 3, 7, 2, 5]
Round 2484: [4, 5, 2, 1, 3, 6, 7]
Round 2485: [5, 1, 4, 6, 2, 7, 3]
Round 2486: [6, 3, 5, 7, 4, 2, 1]
Round 2487: [7, 4, 1, 5, 6, 3, 2]
Round 2488: [4, 3, 2, 1, 7, 5, 6]
Round 2489: [2, 4, 5, 1, 6, 7, 3]
Round 2490: [2, 1, 3, 6, 7, 4, 5]
Round 2491: [1, 7, 6, 3, 5, 2, 4]
Round 2492: [3, 2, 1, 6, 7, 4, 5]
Round 2493: [4, 5, 6, 1, 3, 7, 2]
Round 2494: [6, 2, 1, 3, 4, 5, 7]
Round 2495: [2, 3, 7, 1, 6, 5, 4]
Round 2496: [2, 5, 6, 3, 1, 4, 7]
Round 2497: [5, 2, 6, 4, 3, 7, 1]
Round 2498: [6, 7, 5, 1, 3, 4, 2]
Round 2499: [2, 5, 3, 7, 6, 4, 1]
Round 2500: [7, 3, 6, 2, 1, 4, 5]
Round 2501: [1, 6, 5, 3, 4, 2, 7]
Round 2502: [6, 5, 2, 4, 7, 3, 1]
Round 2503: [4, 5, 3, 6, 7, 2, 1]
Round 2504: [7, 3, 6, 4, 5, 2, 1]
Round 2505: [7, 3, 1, 4, 5, 2, 6]
Round 2506: [1, 6, 2, 7, 3, 5, 4]
Round 2507: [4, 1, 3, 2, 7, 5, 6]
Round 2508: [6, 1, 5, 7, 3, 4, 2]
Round 2509: [4, 1, 2, 7, 6, 5, 3]
Round 2510: [5, 6, 2, 3, 1, 4, 7]
Round 2511: [6, 2, 3, 7, 1, 4, 5]
Round 2512: [7, 1, 2, 3, 5, 6, 4]
Round 2513: [6, 3, 5, 7, 2, 4, 1]
Round 2514: [2, 7, 4, 5, 6, 1, 3]
Round 2515: [7, 2, 1, 5, 3, 6, 4]
Round 2516: [7, 2, 1, 5, 6, 3, 4]
Round 2517: [3, 4, 2, 7, 6, 5, 1]
Round 2518: [7, 4, 3, 5, 6, 1, 2]
Round 2519: [4, 3, 5, 6, 7, 2, 1]
Round 2520: [1, 4, 5, 6, 7, 3, 2]
Round 2521: [1, 2, 7, 4, 6, 5, 3]
Round 2522: [5, 1, 4, 2, 6, 7, 3]
Round 2523: [5, 7, 6, 1, 2, 4, 3]
Round 2524: [7, 4, 5, 3, 1, 2, 6]
Round 2525: [3, 1, 4, 2, 6, 7, 5]
Round 2526: [1, 2, 7, 3, 4, 6, 5]
Round 2527: [4, 3, 2, 6, 1, 7, 5]
Round 2528: [4, 5, 7, 2, 3, 1, 6]
Round 2529: [6, 3, 5, 7, 4, 2, 1]
Round 2530: [4, 1, 5, 7, 6, 3, 2]
Round 2531: [4, 5, 2, 7, 1, 6, 3]
Round 2532: [7, 2, 6, 4, 5, 1, 3]
Round 2533: [3, 6, 1, 5, 2, 4, 7]
Round 2534: [6, 5, 3, 2, 7, 4, 1]
Round 2535: [2, 6, 7, 5, 1, 3, 4]
Round 2536: [2, 1, 6, 3, 7, 5, 4]
Round 2537: [4, 2, 6, 3, 7, 5, 1]
Round 2538: [1, 7, 5, 4, 3, 6, 2]
Round 2539: [7, 1, 4, 2, 5, 6, 3]
Round 2540: [1, 5, 7, 3, 6, 2, 4]
Round 2541: [1, 4, 6, 7, 3, 2, 5]
Round 2542: [5, 4, 1, 3, 6, 7, 2]
Round 2543: [4, 5, 3, 2, 1, 6, 7]
Round 2544: [1, 5, 6, 3, 2, 4, 7]
Round 2545: [5, 4, 3, 6, 7, 2, 1]
Round 2546: [2, 4, 1, 7, 6, 5, 3]
Round 2547: [1, 5, 3, 6, 2, 4, 7]
Round 2548: [3, 6, 7, 5, 1, 4, 2]
Round 2549: [6, 5, 3, 2, 4, 7, 1]
Round 2550: [7, 1, 6, 2, 4, 3, 5]
Round 2551: [4, 3, 7, 1, 2, 6, 5]
Round 2552: [2, 4, 3, 7, 6, 5, 1]
Round 2553: [3, 5, 6, 1, 4, 7, 2]
Round 2554: [4, 7, 3, 5, 6, 2, 1]
Round 2555: [7, 5, 6, 1, 4, 3, 2]
Round 2556: [4, 7, 6, 1, 3, 2, 5]
Round 2557: [5, 6, 4, 3, 7, 2, 1]
Round 2558: [7, 5, 2, 1, 6, 3, 4]
Round 2559: [5, 3, 1, 6, 2, 4, 7]
Round 2560: [3, 5, 1, 6, 4, 7, 2]
Round 2561: [4, 6, 1, 5, 2, 7, 3]
Round 2562: [3, 7, 2, 1, 4, 5, 6]
Round 2563: [4, 6, 2, 1, 5, 3, 7]
Round 2564: [2, 6, 7, 4, 5, 3, 1]
Round 2565: [1, 3, 4, 7, 5, 2, 6]
Round 2566: [3, 1, 4, 2, 5, 6, 7]
Round 2567: [2, 5, 6, 1, 4, 3, 7]
Round 2568: [2, 6, 5, 4, 7, 1, 3]
Round 2569: [3, 7, 1, 6, 2, 5, 4]
Round 2570: [4, 6, 7, 3, 2, 1, 5]
Round 2571: [7, 3, 5, 2, 4, 6, 1]
Round 2572: [5, 6, 3, 7, 4, 1, 2]
Round 2573: [6, 4, 1, 5, 2, 3, 7]
Round 2574: [4, 5, 2, 6, 1, 3, 7]
Round 2575: [5, 2, 1, 4, 7, 3, 6]
Round 2576: [5, 2, 7, 6, 1, 3, 4]
Round 2577: [6, 3, 2, 7, 5, 1, 4]
Round 2578: [1, 6, 3, 7, 4, 2, 5]
Round 2579: [3, 6, 5, 1, 2, 7, 4]
Round 2580: [2, 3, 1, 5, 6, 7, 4]
Round 2581: [4, 1, 6, 3, 7, 2, 5]
Round 2582: [5, 6, 2, 7, 1, 4, 3]
Round 2583: [6, 2, 4, 1, 3, 7, 5]
Round 2584: [7, 3, 6, 2, 1, 4, 5]
Round 2585: [2, 3, 6, 5, 1, 7, 4]
Round 2586: [6, 4, 1, 7, 2, 5, 3]
Round 2587: [2, 1, 5, 4, 3, 7, 6]
Round 2588: [5, 6, 3, 4, 2, 7, 1]
Round 2589: [2, 6, 1, 3, 7, 5, 4]
Round 2590: [6, 4, 5, 3, 1, 7, 2]
Round 2591: [1, 5, 4, 7, 3, 6, 2]
Round 2592: [6, 5, 4, 3, 2, 7, 1]
Round 2593: [1, 2, 3, 6, 7, 5, 4]
Round 2594: [7, 3, 2, 6, 5, 1, 4]
Round 2595: [7, 2, 5, 4, 3, 6, 1]
Round 2596: [5, 6, 2, 7, 3, 4, 1]
Round 2597: [3, 5, 4, 2, 6, 1, 7]
Round 2598: [1, 4, 5, 7, 6, 2, 3]
Round 2599: [1, 3, 4, 2, 6, 5, 7]
Round 2600: [4, 7, 3, 1, 5, 2, 6]
Round 2601: [2, 5, 4, 3, 7, 1, 6]
Round 2602: [3, 4, 1, 6, 2, 5, 7]
Round 2603: [6, 2, 7, 5, 3, 4, 1]
Round 2604: [3, 2, 6, 5, 1, 4, 7]
Round 2605: [1, 4, 2, 5, 7, 6, 3]
Round 2606: [6, 1, 4, 7, 2, 5, 3]
Round 2607: [3, 1, 4, 7, 2, 5, 6]
Round 2608: [1, 6, 5, 7, 3, 2, 4]
Round 2609: [3, 1, 2, 7, 6, 5, 4]
Round 2610: [1, 6, 3, 4, 2, 7, 5]
Round 2611: [2, 7, 4, 6, 1, 5, 3]
Round 2612: [6, 1, 4, 3, 2, 7, 5]
Round 2613: [3, 5, 2, 7, 6, 1, 4]
Round 2614: [7, 6, 2, 1, 4, 3, 5]
Round 2615: [7, 5, 4, 2, 6, 1, 3]
Round 2616: [5, 1, 6, 2, 3, 7, 4]
Round 2617: [6, 2, 4, 1, 5, 3, 7]
Round 2618: [4, 6, 5, 3, 1, 7, 2]
Round 2619: [1, 3, 2, 6, 5, 4, 7]
Round 2620: [3, 5, 7, 2, 1, 6, 4]
Round 2621: [1, 7, 6, 2, 3, 4, 5]
Round 2622: [7, 1, 5, 3, 6, 2, 4]
Round 2623: [4, 6, 1, 3, 7, 5, 2]
Round 2624: [5, 4, 7, 2, 6, 3, 1]
Round 2625: [4, 2, 7, 6, 3, 5, 1]
Round 2626: [2, 7, 5, 6, 4, 3, 1]
Round 2627: [4, 3, 7, 5, 2, 6, 1]
Round 2628: [5, 3, 7, 4, 2, 1, 6]
Round 2629: [1, 5, 3, 6, 7, 2, 4]
Round 2630: [3, 5, 2, 7, 4, 6, 1]
Round 2631: [2, 4, 6, 3, 1, 7, 5]
Round 2632: [4, 3, 6, 5, 7, 2, 1]
Round 2633: [7, 2, 4, 1, 5, 6, 3]
Round 2634: [1, 4, 2, 6, 7, 5, 3]
Round 2635: [6, 5, 1, 4, 3, 2, 7]
Round 2636: [7, 3, 6, 2, 5, 4, 1]
Round 2637: [4, 6, 3, 5, 7, 2, 1]
Round 2638: [3, 7, 5, 6, 1, 2, 4]
Round 2639: [2, 7, 6, 4, 5, 3, 1]
Round 2640: [4, 5, 3, 7, 1, 6, 2]
Round 2641: [2, 3, 1, 5, 4, 6, 7]
Round 2642: [2, 3, 7, 1, 4, 5, 6]
Round 2643: [4, 1, 2, 3, 5, 6, 7]
Round 2644: [4, 1, 6, 5, 3, 7, 2]
Round 2645: [1, 6, 2, 3, 4, 7, 5]
Round 2646: [5, 3, 4, 2, 6, 7, 1]
Round 2647: [7, 4, 6, 5, 3, 1, 2]
Round 2648: [2, 1, 6, 3, 7, 5, 4]
Round 2649: [4, 7, 5, 1, 6, 2, 3]
Round 2650: [7, 2, 4, 6, 3, 1, 5]
Round 2651: [6, 4, 7, 2, 1, 3, 5]
Round 2652: [2, 5, 3, 6, 7, 1, 4]
Round 2653: [3, 5, 7, 6, 2, 4, 1]
Round 2654: [6, 1, 3, 7, 2, 4, 5]
Round 2655: [3, 4, 5, 2, 6, 7, 1]
Round 2656: [7, 2, 1, 5, 6, 3, 4]
Round 2657: [4, 7, 6, 1, 3, 2, 5]
Round 2658: [4, 1, 5, 6, 7, 2, 3]
Round 2659: [5, 1, 3, 7, 4, 2, 6]
Round 2660: [4, 1, 5, 6, 3, 2, 7]
Round 2661: [1, 5, 6, 7, 2, 4, 3]
Round 2662: [5, 7, 3, 4, 1, 6, 2]
Round 2663: [4, 3, 1, 7, 2, 6, 5]
Round 2664: [3, 7, 5, 4, 1, 2, 6]
Round 2665: [2, 1, 3, 6, 4, 5, 7]
Round 2666: [4, 2, 6, 3, 5, 1, 7]
Round 2667: [2, 7, 4, 6, 5, 3, 1]
Round 2668: [2, 1, 7, 6, 5, 4, 3]
Round 2669: [2, 7, 5, 4, 3, 6, 1]
Round 2670: [6, 4, 2, 5, 3, 7, 1]
Round 2671: [5, 6, 4, 7, 3, 1, 2]
Round 2672: [3, 7, 1, 2, 5, 6, 4]
Round 2673: [3, 6, 7, 1, 5, 2, 4]
Round 2674: [7, 3, 2, 5, 4, 1, 6]
Round 2675: [2, 3, 6, 5, 4, 7, 1]
Round 2676: [2, 5, 3, 6, 1, 4, 7]
Round 2677: [5, 6, 7, 4, 2, 3, 1]
Round 2678: [6, 7, 3, 1, 5, 2, 4]
Round 2679: [6, 1, 3, 7, 4, 5, 2]
Round 2680: [2, 1, 4, 3, 5, 6, 7]
Round 2681: [2, 1, 4, 7, 5, 3, 6]
Round 2682: [6, 1, 4, 3, 2, 5, 7]
Round 2683: [3, 2, 4, 6, 5, 7, 1]
Round 2684: [3, 1, 4, 2, 5, 6, 7]
Round 2685: [7, 5, 6, 2, 1, 3, 4]
Round 2686: [2, 1, 6, 4, 7, 5, 3]
Round 2687: [7, 4, 1, 2, 5, 6, 3]
Round 2688: [2, 7, 1, 5, 4, 3, 6]
Round 2689: [7, 1, 5, 3, 4, 6, 2]
Round 2690: [1, 6, 2, 7, 3, 4, 5]
Round 2691: [3, 1, 7, 4, 6, 5, 2]
Round 2692: [2, 1, 6, 3, 7, 5, 4]
Round 2693: [6, 5, 1, 2, 4, 3, 7]
Round 2694: [6, 2, 5, 4, 3, 1, 7]
Round 2695: [4, 3, 1, 5, 2, 6, 7]
Round 2696: [5, 3, 4, 1, 2, 7, 6]
Round 2697: [6, 7, 3, 2, 1, 5, 4]
Round 2698: [4, 7, 3, 5, 6, 2, 1]
Round 2699: [5, 3, 4, 7, 1, 2, 6]
Round 2700: [6, 5, 2, 7, 4, 3, 1]
Round 2701: [1, 2, 3, 4, 6, 7, 5]
Round 2702: [5, 4, 3, 2, 6, 7, 1]
Round 2703: [3, 7, 2, 5, 1, 6, 4]
Round 2704: [6, 4, 5, 2, 3, 1, 7]
Round 2705: [6, 1, 4, 3, 2, 7, 5]
Round 2706: [4, 1, 5, 2, 6, 3, 7]
Round 2707: [6, 1, 3, 4, 2, 5, 7]
Round 2708: [1, 2, 7, 6, 4, 3, 5]
Round 2709: [5, 4, 7, 6, 3, 2, 1]
Round 2710: [2, 5, 3, 7, 6, 4, 1]
Round 2711: [3, 1, 2, 5, 4, 7, 6]
Round 2712: [1, 5, 2, 7, 3, 6, 4]
Round 2713: [7, 3, 1, 2, 5, 6, 4]
Round 2714: [5, 4, 2, 7, 6, 1, 3]
Round 2715: [4, 6, 1, 5, 7, 2, 3]
Round 2716: [2, 7, 6, 3, 5, 4, 1]
Round 2717: [2, 7, 5, 1, 3, 6, 4]
Round 2718: [6, 1, 3, 5, 2, 7, 4]
Round 2719: [4, 5, 3, 6, 2, 1, 7]
Round 2720: [6, 7, 2, 4, 3, 5, 1]
Round 2721: [4, 7, 5, 6, 3, 1, 2]
Round 2722: [5, 1, 4, 7, 6, 2, 3]
Round 2723: [3, 7, 5, 4, 2, 1, 6]
Round 2724: [3, 2, 5, 7, 6, 4, 1]
Round 2725: [6, 4, 7, 1, 2, 5, 3]
Round 2726: [3, 2, 4, 7, 1, 6, 5]
Round 2727: [4, 2, 7, 5, 6, 3, 1]
Round 2728: [4, 6, 2, 5, 1, 7, 3]
Round 2729: [2, 5, 7, 4, 1, 6, 3]
Round 2730: [4, 1, 5, 3, 7, 2, 6]
Round 2731: [7, 3, 1, 6, 5, 4, 2]
Round 2732: [2, 7, 4, 6, 5, 3, 1]
Round 2733: [4, 1, 7, 6, 2, 5, 3]
Round 2734: [4, 2, 5, 1, 7, 3, 6]
Round 2735: [7, 5, 3, 6, 4, 2, 1]
Round 2736: [5, 7, 1, 2, 6, 4, 3]
Round 2737: [3, 6, 7, 5, 4, 2, 1]
Round 2738: [3, 2, 5, 4, 1, 7, 6]
Round 2739: [1, 7, 6, 4, 3, 5, 2]
Round 2740: [3, 2, 7, 1, 5, 6, 4]
Round 2741: [2, 6, 7, 3, 4, 1, 5]
Round 2742: [7, 3, 6, 4, 1, 5, 2]
Round 2743: [6, 5, 3, 7, 4, 2, 1]
Round 2744: [2, 6, 3, 7, 5, 4, 1]
Round 2745: [6, 4, 1, 5, 3, 7, 2]
Round 2746: [1, 2, 6, 7, 5, 3, 4]
Round 2747: [7, 3, 4, 6, 5, 2, 1]
Round 2748: [7, 5, 6, 1, 2, 4, 3]
Round 2749: [1, 3, 4, 2, 7, 6, 5]
Round 2750: [7, 6, 3, 5, 1, 4, 2]
Round 2751: [4, 5, 3, 6, 2, 7, 1]
Round 2752: [7, 4, 5, 6, 1, 3, 2]
Round 2753: [7, 3, 2, 5, 6, 4, 1]
Round 2754: [7, 5, 4, 1, 2, 3, 6]
Round 2755: [5, 1, 3, 6, 2, 7, 4]
Round 2756: [5, 6, 2, 3, 1, 4, 7]
Round 2757: [5, 3, 6, 7, 2, 4, 1]
Round 2758: [6, 1, 2, 5, 4, 7, 3]
Round 2759: [3, 1, 2, 5, 6, 4, 7]
Round 2760: [1, 6, 3, 5, 4, 2, 7]
Round 2761: [1, 7, 3, 4, 5, 2, 6]
Round 2762: [7, 6, 5, 4, 3, 2, 1]
